758 165
257 311
529 376
718 582
55 472
599 218
672 95
14 311
555 444
741 78
158 735
321 551
694 246
184 522
167 711
631 82
238 129
392 8
504 440
590 646
153 430
194 154
612 207
464 496
738 534
574 137
511 224
18 534
469 289
297 635
242 169
717 479
298 438
574 131
207 405
19 360
165 300
513 106
506 307
602 485
170 417
709 10
728 726
544 439
257 82
403 498
251 449
306 636
217 121
8 423
614 114
24 108
413 625
213 248
261 56
732 430
560 13
440 530
738 225
298 236
394 700
63 644
391 456
609 607
665 705
359 608
60 383
715 561
337 257
138 685
401 200
356 202
212 125
61 191
437 358
515 73
388 665
46 20
363 743
714 269
689 314
118 78
26 162
726 450
418 106
376 60
305 62
350 516
186 498
36 623
98 550
25 485
457 158
592 149
142 547
505 72
190 710
150 304
113 117
753 618
310 371
8 614
432 357
371 705
96 407
657 281
286 11
7 72
169 686
220 310
562 724
470 752
675 707
297 117
153 379
735 463
749 742
318 510
428 19
457 523
513 443
134 40
454 140
200 622
156 419
261 717
473 730
40 477
8 336
594 161
715 570
623 35
641 270
633 310
376 331
162 130
15 295
258 468
523 457
419 678
205 680
636 677
739 676
396 747
341 231
149 385
130 101
508 12
458 382
321 76
42 482
205 56
107 550
612 629
248 272
548 453
281 513
371 262
430 96
338 101
326 486
573 543
674 322
554 461
703 204
536 744
