-1
1 4
1 6
1 8
1 10
4 9
6 9
8 9
9 10
9 12
9 14
10 15
12 15
14 15
15 16
15 18
15 20
16 21
18 21
20 21
21 22
21 24
22 25
24 25
25 26
26 27
27 28
27 30
27 32
28 33
30 33
32 33
33 34
34 35
35 36
35 38
36 39
38 39
39 40
39 42
39 44
40 45
42 45
44 45
45 46
45 48
46 49
48 49
49 50
50 51
51 52
51 54
52 55
54 55
55 56
56 57
57 58
57 60
57 62
58 63
60 63
62 63
63 64
64 65
65 66
65 68
66 69
68 69
69 70
69 72
69 74
70 75
72 75
74 75
75 76
76 77
77 78
77 80
78 81
80 81
81 82
81 84
82 85
84 85
85 86
86 87
87 88
87 90
88 91
90 91
91 92
92 93
93 94
94 95
95 96
95 98
96 99
98 99
99 100
99 102
99 104
100 105
102 105
104 105
105 106
105 108
105 110
106 111
108 111
110 111
111 112
111 114
112 115
114 115
115 116
116 117
117 118
118 119
119 120
120 121
121 122
122 123
123 124
124 125
125 126
125 128
126 129
128 129
129 130
129 132
130 133
132 133
133 134
134 135
135 136
135 138
135 140
136 141
138 141
140 141
141 142
142 143
143 144
144 145
145 146
146 147
147 148
147 150
147 152
148 153
150 153
152 153
153 154
154 155
155 156
155 158
156 159
158 159
159 160
160 161
161 162
161 164
162 165
164 165
165 166
165 168
166 169
168 169
169 170
170 171
171 172
171 174
172 175
174 175
175 176
176 177
177 178
177 180
177 182
178 183
180 183
182 183
183 184
184 185
185 186
186 187
187 188
188 189
189 190
189 192
189 194
190 195
192 195
194 195
195 196
195 198
195 200
196 201
198 201
200 201
201 202
202 203
203 204
204 205
205 206
206 207
207 208
208 209
209 210
209 212
210 213
212 213
213 214
214 215
215 216
216 217
217 218
218 219
219 220
220 221
221 222
221 224
222 225
224 225
225 226
225 228
225 230
226 231
228 231
230 231
231 232
231 234
232 235
234 235
235 236
236 237
237 238
237 240
237 242
238 243
240 243
242 243
243 244
244 245
245 246
246 247
247 248
248 249
249 250
249 252
250 253
252 253
253 254
254 255
255 256
255 258
256 259
258 259
259 260
260 261
261 262
261 264
262 265
264 265
265 266
266 267
267 268
267 270
267 272
268 273
270 273
272 273
273 274
274 275
275 276
275 278
276 279
278 279
279 280
279 282
279 284
280 285
282 285
284 285
285 286
286 287
287 288
288 289
289 290
290 291
291 292
291 294
292 295
294 295
295 296
296 297
297 298
298 299
299 300
300 301
301 302
302 303
303 304
304 305
305 306
305 308
306 309
308 309
309 310
309 312
309 314
310 315
312 315
314 315
315 316
315 318
316 319
318 319
319 320
320 321
321 322
322 323
323 324
324 325
325 326
326 327
327 328
328 329
329 330
329 332
330 333
332 333
333 334
334 335
335 336
335 338
336 339
338 339
339 340
340 341
341 342
342 343
343 344
344 345
345 346
345 348
345 350
346 351
348 351
350 351
351 352
351 354
352 355
354 355
355 356
356 357
357 358
357 360
358 361
360 361
361 362
362 363
363 364
364 365
365 366
365 368
366 369
368 369
369 370
370 371
371 372
371 374
372 375
374 375
375 376
376 377
377 378
377 380
378 381
380 381
381 382
381 384
382 385
384 385
385 386
386 387
387 388
387 390
388 391
390 391
391 392
392 393
393 394
394 395
395 396
395 398
396 399
398 399
399 400
399 402
400 403
402 403
403 404
404 405
405 406
406 407
407 408
407 410
408 411
410 411
411 412
412 413
413 414
414 415
415 416
416 417
417 418
417 420
417 422
418 423
420 423
422 423
423 424
424 425
425 426
426 427
427 428
428 429
429 430
429 432
429 434
430 435
432 435
434 435
435 436
436 437
437 438
437 440
438 441
440 441
441 442
441 444
442 445
444 445
445 446
446 447
447 448
447 450
448 451
450 451
451 452
452 453
453 454
454 455
455 456
455 458
456 459
458 459
459 460
459 462
459 464
460 465
462 465
464 465
465 466
465 468
466 469
468 469
469 470
470 471
471 472
472 473
473 474
474 475
475 476
476 477
477 478
477 480
478 481
480 481
481 482
482 483
483 484
484 485
485 486
485 488
486 489
488 489
489 490
489 492
490 493
492 493
493 494
494 495
495 496
496 497
497 498
497 500
498 501
