210
6 100
1 5 10 15 25 50
4 55
1 10 25 50
4 5500
1 10 25 50
2 103
1 5
3 384651
1 84 83
4 2550
1 48 49 50
4 5050
1 48 49 50
4 27447
1 48 49 50
4 2550
1 10 15 25
4 2551
1 10 15 25
4 2552
1 10 15 25
4 2553
1 10 15 25
4 2554
1 10 15 25
4 2555
1 10 15 25
4 2556
1 10 15 25
4 2557
1 10 15 25
4 2558
1 10 15 25
4 2559
1 10 15 25
4 2560
1 10 15 25
4 2561
1 10 15 25
4 2562
1 10 15 25
4 2563
1 10 15 25
4 2564
1 10 15 25
4 2565
1 10 15 25
4 2566
1 10 15 25
4 2567
1 10 15 25
4 2568
1 10 15 25
4 2569
1 10 15 25
4 2570
1 10 15 25
4 2571
1 10 15 25
4 2572
1 10 15 25
4 2573
1 10 15 25
4 2574
1 10 15 25
4 2575
1 10 15 25
4 2576
1 10 15 25
4 2577
1 10 15 25
4 2578
1 10 15 25
4 2579
1 10 15 25
4 2580
1 10 15 25
4 2581
1 10 15 25
4 2582
1 10 15 25
4 2583
1 10 15 25
4 2584
1 10 15 25
4 2585
1 10 15 25
4 2586
1 10 15 25
4 2587
1 10 15 25
4 2588
1 10 15 25
4 2589
1 10 15 25
4 2590
1 10 15 25
4 2591
1 10 15 25
4 2592
1 10 15 25
4 2593
1 10 15 25
4 2594
1 10 15 25
4 2595
1 10 15 25
4 2596
1 10 15 25
4 2597
1 10 15 25
4 2598
1 10 15 25
4 2599
1 10 15 25
4 2600
1 10 15 25
4 2601
1 10 15 25
4 2602
1 10 15 25
4 2603
1 10 15 25
4 2604
1 10 15 25
4 2605
1 10 15 25
4 2606
1 10 15 25
4 2607
1 10 15 25
4 2608
1 10 15 25
4 2609
1 10 15 25
4 2610
1 10 15 25
4 2611
1 10 15 25
4 2612
1 10 15 25
4 2613
1 10 15 25
4 2614
1 10 15 25
4 2615
1 10 15 25
4 2616
1 10 15 25
4 2617
1 10 15 25
4 2618
1 10 15 25
4 2619
1 10 15 25
4 2620
1 10 15 25
4 2621
1 10 15 25
4 2622
1 10 15 25
4 2623
1 10 15 25
4 2624
1 10 15 25
4 2625
1 10 15 25
4 2626
1 10 15 25
4 2627
1 10 15 25
4 2628
1 10 15 25
4 2629
1 10 15 25
4 2630
1 10 15 25
4 2631
1 10 15 25
4 2632
1 10 15 25
4 2633
1 10 15 25
4 2634
1 10 15 25
4 2635
1 10 15 25
4 2636
1 10 15 25
4 2637
1 10 15 25
4 2638
1 10 15 25
4 2639
1 10 15 25
4 2640
1 10 15 25
4 2641
1 10 15 25
4 2642
1 10 15 25
4 2643
1 10 15 25
4 2644
1 10 15 25
4 2645
1 10 15 25
4 2646
1 10 15 25
4 2647
1 10 15 25
4 2648
1 10 15 25
4 2649
1 10 15 25
4 2650
1 10 15 25
18 984554
1 72 49 67 33 36 18 50 16 50 93 14 55 52 31 5 69 92
3 618843
1 70 90
20 198064
1 60 22 32 4 46 24 80 1 67 27 61 19 79 30 65 76 1 5 41
9 226256
1 69 38 31 71 82 94 9 26
12 458828
1 91 92 97 72 70 23 27 66 30 7 78
7 459328
1 5 19 51 28 15 27
24 746780
1 19 39 92 16 45 66 64 44 71 82 57 4 46 89 24 59 50 13 81 94 67 89 76
11 757303
1 65 26 50 45 47 42 60 46 56 67
2 488345
1 88
20 934040
1 98 100 18 48 7 60 3 60 32 74 91 26 75 15 29 97 29 75 45
19 192978
1 79 61 56 87 58 97 50 29 65 38 91 97 92 6 33 95 67 58
6 239305
1 12 63 91 31 100
13 766393
1 84 77 13 18 51 25 97 5 83 70 76 22
11 488171
1 99 17 4 32 68 16 42 44 68 3
18 689074
1 8 48 100 77 84 97 16 70 73 55 57 40 69 83 43 98 84
24 430619
1 89 41 32 95 83 71 46 60 77 4 88 83 7 28 63 21 49 34 84 65 83 68 8
3 337605
1 96 98
13 752081
1 7 8 41 60 17 25 71 13 25 57 74 18
10 951521
1 89 28 15 77 59 76 67 57 62
14 202414
1 21 52 66 30 97 16 33 34 23 82 95 45 12
23 331535
1 81 42 43 58 5 80 19 94 53 49 75 82 72 72 70 3 48 80 67 53 22 48
7 410718
1 42 70 1 2 47 85
1 46738
1
1 729227
1
19 527957
1 7 98 62 53 25 8 59 18 46 33 11 23 17 39 66 31 24 52
8 324002
1 4 38 92 86 4 31 90
24 117310
1 25 20 60 41 69 30 2 15 42 54 93 10 38 72 3 16 15 33 27 37 27 92 57
23 537194
1 55 98 15 60 92 16 72 21 27 51 31 19 71 75 57 25 39 79 62 42 60 83
25 267768
1 31 35 80 44 51 20 54 11 83 95 28 44 70 39 55 22 59 27 11 40 93 72 67 86
21 533864
1 77 8 18 94 63 57 79 22 65 32 75 6 7 65 89 56 14 27 54 82
17 856693
1 63 75 3 75 61 35 21 84 99 17 82 65 88 51 6 67
11 541102
1 24 82 36 47 6 39 78 55 65 19
8 324812
1 14 55 44 58 43 6 68
4 99972
1 68 4 52
25 883137
1 50 64 29 19 72 94 35 9 25 43 98 66 68 44 14 100 88 31 34 46 45 1 93 68
17 924774
1 6 16 9 33 64 87 8 99 65 96 53 60 34 28 83 11
4 613405
1 13 42 22
14 156185
1 48 6 98 2 99 27 38 33 65 39 29 24 3
19 733016
1 48 77 88 46 91 32 87 10 61 93 37 17 72 23 8 62 81 76
13 481388
1 36 9 46 11 36 40 9 5 46 6 10 82
18 489755
1 81 51 34 79 98 29 25 36 22 41 59 43 88 42 43 88 40
13 554078
1 6 82 20 20 11 14 28 75 79 44 22 14
20 627787
1 22 11 8 96 6 54 25 94 89 24 44 9 30 46 93 42 77 92 64
15 618440
1 71 16 1 22 50 86 47 97 94 64 64 33 56 10
6 712607
1 33 79 44 49 49
25 346107
1 49 5 42 35 63 99 56 66 15 35 80 14 31 91 100 45 17 25 42 31 62 16 70 38
8 933446
1 12 91 64 53 54 84 3
17 258168
1 70 35 95 4 4 5 61 10 59 6 4 27 89 4 25 40
18 243064
1 90 93 53 34 59 27 14 48 12 29 80 59 68 13 52 52 28
8 330290
1 29 22 95 61 6 3 22
24 349222
1 98 36 44 73 58 33 41 52 96 34 32 59 57 23 100 13 16 5 93 18 3 94 13
18 117646
1 47 100 82 99 43 80 95 92 92 50 67 16 3 30 6 1 40
1 164954
1
23 911442
1 50 9 15 47 5 53 31 65 22 82 38 65 85 35 20 50 23 36 57 70 73 15
22 124785
1 52 59 98 14 9 34 55 36 1 1 15 88 26 90 12 10 21 21 50 86 15
5 563674
1 17 69 94 13
5 886409
1 25 67 41 99
22 874887
1 91 77 26 17 38 77 96 60 16 45 79 94 98 16 59 94 30 70 66 96 55
10 866631
1 27 73 59 89 29 49 54 21 51
22 462999
1 15 36 21 96 48 80 55 59 91 40 56 27 7 83 28 23 84 83 42 20 25
25 412556
1 85 73 15 75 38 84 3 61 76 41 79 50 17 45 74 73 23 27 31 26 7 30 82 100
21 542774
1 36 74 2 87 65 55 18 92 10 88 41 38 46 28 22 2 44 5 55 95
23 683852
1 34 21 73 25 82 76 92 72 27 62 63 96 58 95 23 12 74 88 45 73 1 52
21 775874
1 8 71 39 79 88 50 45 34 39 17 41 67 52 55 62 100 97 86 21 30
16 239470
1 82 19 1 80 50 60 81 9 29 26 87 81 7 76 64
3 320083
1 87 13
5 249476
1 73 13 55 69
9 210929
1 8 29 76 78 64 90 41 66
12 502953
1 21 32 91 45 13 43 37 48 38 66 30
12 37732
1 70 33 57 44 61 10 43 91 57 72 49
20 465782
1 94 8 58 71 63 5 89 49 10 27 62 76 82 34 76 70 13 40 28
3 287092
1 72 28
18 193025
1 6 73 96 75 72 95 13 97 81 27 11 25 71 77 43 25 19
14 496871
1 35 28 11 22 54 28 84 64 44 21 66 24 75
3 991176
1 27 30
7 555989
1 91 100 71 2 27 79
18 200365
1 46 74 35 63 77 29 7 82 31 57 79 34 47 35 44 23 20
15 768102
1 82 82 99 62 87 1 58 4 35 12 95 57 66 50
19 29792
1 23 10 96 99 61 91 95 3 72 92 22 54 88 97 61 54 35 10
15 113242
1 77 79 24 32 68 18 92 37 49 5 43 68 41 5
22 549466
1 47 86 28 84 38 75 72 60 11 56 93 1 65 62 57 15 21 69 40 69 100
8 411682
1 86 99 25 6 2 72 99
23 841403
1 84 71 17 98 80 95 92 63 41 50 28 34 74 91 16 88 20 60 40 25 68 31
2 154168
1 28
7 966813
1 18 97 67 94 98 54
8 604140
1 60 94 17 9 16 63 80
7 42392
1 100 30 9 4 76 5
20 136856
1 99 88 5 73 40 91 67 62 90 34 82 14 74 57 70 27 85 86 38
25 58508
1 99 30 26 8 54 40 86 70 55 80 8 57 27 16 46 75 50 5 22 80 66 74 7 53
7 56850
1 35 38 48 25 51 52
1 78131
1
13 928458
1 89 33 30 79 100 51 40 55 31 67 87 60
16 708307
1 91 14 40 23 33 38 60 51 74 83 45 54 22 13 45
21 904354
1 4 12 65 97 4 3 57 22 64 58 37 86 57 98 88 87 86 6 66 70
20 66291
1 44 28 32 50 18 2 73 5 60 31 10 81 12 17 79 79 61 22 51
16 418959
1 63 31 43 11 58 100 64 90 50 88 76 49 39 1 70
4 212814
1 19 78 39
10 976962
1 36 25 26 100 15 66 59 36 98
23 717863
1 8 18 32 62 57 31 21 3 72 42 95 71 18 61 60 91 45 53 10 14 57 21
22 146689
1 97 74 92 74 2 100 7 11 3 42 51 90 49 15 5 67 49 20 2 64 54
21 504593
1 83 82 29 35 71 95 62 89 59 11 20 37 90 88 79 54 44 66 35 65
