20 90 10 16
10 9 8
19 7 5
8 2 6
12 9 6
12 4 6
14 8 7
15 12 3
1 8 2
3 19 6
0 18 9
5 2 2
3 2 7
13 12 5
16 14 2
10 2 1
10 13 1
17 16 6
9 18 10
18 19 7
7 10 2
7 5 8
19 9 3
13 9 2
5 15 2
13 18 9
8 0 7
3 4 5
10 6 5
0 1 10
6 0 10
4 14 7
13 2 2
6 19 7
6 2 8
1 6 3
0 5 6
14 0 7
3 15 8
9 7 1
7 18 8
17 4 9
4 6 4
11 10 10
8 9 1
19 13 6
15 4 6
7 12 7
17 13 2
18 4 10
17 18 8
7 6 5
9 15 6
5 6 6
19 10 7
15 16 7
2 11 4
7 14 9
15 17 4
19 1 2
14 15 4
14 10 10
2 14 6
11 0 9
19 17 6
18 5 9
8 3 7
13 8 2
2 0 2
8 6 10
1 2 1
5 8 5
10 0 7
2 18 7
4 11 4
17 2 8
5 4 9
8 7 8
6 14 6
14 13 5
11 12 5
0 3 8
18 11 5
14 11 7
8 17 8
3 16 5
1 18 9
16 4 7
11 9 2
12 6 3
17 1 4
0 0 0 0