100 600
40 505
80 470
20 547
77 202
56 167
63 287
52 219
92 572
72 382
61 85
25 10
81 83
41 95
11 78
22 600
84 308
30 368
53 383
98 297
78 176
77 317
90 241
36 170
92 485
95 42
9 316
67 116
35 535
3 39
7 275
98 143
86 542
54 160
77 226
67 308
4 319
94 263
73 559
74 171
36 384
17 413
89 265
34 498
90 138
69 211
59 574
86 395
93 264
82 240
92 411
22 290
93 571
89 89
44 385
29 372
31 472
23 269
28 113
42 334
91 102
13 62
77 298
94 591
39 411
37 450
24 177
25 351
74 92
80 76
75 99
96 45
53 32
25 106
74 479
97 394
76 384
14 57
8 313
21 42
82 277
76 344
16 32
21 600
13 534
6 599
8 523
93 3
19 357
40 98
82 548
56 216
46 348
10 413
76 319
100 183
88 347
63 449
75 22
93 500
84 524
10 600
40 68
80 63
20 73
77 27
56 23
63 39
52 30
92 77
72 51
61 12
10 60
40 68
80 63
20 73
77 27
56 23
63 39
52 30
92 77
72 51
61 12
100 600
40 68
80 63
20 73
77 27
56 23
63 39
52 30
92 77
72 51
61 12
25 2
81 11
41 13
11 11
22 80
84 42
30 50
53 52
98 40
78 24
77 43
90 33
36 23
92 65
95 6
9 43
67 16
35 72
3 6
7 37
98 20
86 73
54 22
77 31
67 42
4 43
94 36
73 75
74 23
36 52
17 56
89 36
34 67
90 19
69 29
59 77
86 53
93 36
82 32
92 55
22 39
93 77
89 12
44 52
29 50
31 63
23 36
28 16
42 45
91 14
13 9
77 40
94 79
39 55
37 60
24 24
25 47
74 13
80 11
75 14
96 6
53 5
25 15
74 64
97 53
76 52
14 8
8 42
21 6
82 37
76 46
16 5
21 80
13 72
6 80
8 70
93 1
19 48
40 14
82 74
56 29
46 47
10 55
76 43
100 25
88 47
63 60
75 3
93 67
84 70
1 60
1 0
0 0
