45 1225
4 9 9
17 1 20
12 8 16
16 12 8
16 7 19
16 8 5
13 7 1
9 10 11
9 11 3
2 11 9
8 6 19
5 2 8
13 15 13
13 12 2
8 20 3
1 17 20
7 5 7
12 16 8
20 7 15
15 5 13
8 19 14
20 11 6
7 19 16
9 2 7
1 20 17
11 3 9
11 20 6
9 11 2
2 3 12
19 16 3
14 9 8
11 6 20
13 13 15
3 2 12
13 14 16
15 4 6
16 3 10
2 13 9
3 6 8
5 8 16
14 8 19
5 15 13
7 7 17
9 12 20
8 16 12
16 7 19
20 1 17
7 9 2
16 3 13
16 8 12
8 16 5
11 5 10
8 3 20
15 13 5
12 2 13
3 6 8
13 1 7
2 7 18
11 3 9
11 3 9
20 3 8
3 13 16
10 16 3
8 3 20
14 9 8
13 9 2
5 2 8
6 14 9
14 9 8
8 16 12
15 6 16
20 15 7
7 20 15
14 20 17
12 13 2
19 16 7
19 16 3
3 2 12
19 16 3
13 16 3
8 9 14
10 20 9
7 20 15
9 2 13
5 15 13
17 14 20
3 11 9
14 17 20
13 3 16
10 9 11
5 11 10
15 4 6
17 1 20
12 2 3
6 16 15
2 13 12
20 7 15
9 8 14
16 14 13
11 2 9
11 5 10
13 7 1
9 12 20
9 20 12
20 1 17
17 1 20
4 6 15
2 5 8
9 8 14
9 10 16
2 7 18
7 20 15
17 1 20
17 14 20
16 15 6
16 14 13
3 8 20
11 10 9
16 19 7
9 10 16
10 16 9
9 10 16
9 10 16
6 14 9
16 13 14
13 2 12
5 13 15
9 10 16
13 16 3
9 10 16
19 8 14
16 19 3
16 5 8
9 10 16
20 9 12
12 20 9
13 3 16
12 16 8
8 16 12
9 10 16
4 4 16
16 19 15
15 16 6
13 15 13
4 15 6
13 15 5
16 8 5
17 14 20
8 14 19
3 8 6
17 7 7
16 6 15
8 20 3
20 11 6
15 4 6
8 20 3
3 19 16
16 6 15
20 17 1
16 8 12
12 2 13
8 14 19
14 9 6
10 9 11
7 9 2
10 5 11
9 8 14
2 9 11
15 5 13
9 7 2
14 17 20
17 7 7
4 6 15
14 17 20
16 4 4
15 6 4
16 8 5
11 9 10
9 20 12
9 20 12
7 17 7
15 7 20
16 5 8
8 3 6
20 14 17
19 16 3
8 16 12
5 8 2
2 13 9
8 12 16
8 5 16
13 5 15
17 10 16
13 15 5
16 3 13
20 9 10
9 2 13
4 4 16
5 16 8
15 13 5
9 2 7
4 4 16
7 9 2
7 7 5
2 13 9
2 13 12
13 2 12
7 2 9
13 3 16
5 8 16
7 19 16
11 6 20
16 3 13
8 16 12
17 20 14
7 20 15
11 9 10
15 5 13
15 4 6
17 14 20
3 16 13
11 10 6
16 3 19
16 10 3
13 15 5
3 20 6
19 7 16
3 20 8
7 16 19
8 12 16
10 11 9
15 13 13
9 10 16
11 10 5
8 20 3
13 16 14
19 14 8
1 7 13
9 6 18
4 4 16
17 7 7
9 20 12
9 7 2
9 2 13
9 6 14
14 16 13
9 13 2
9 2 13
5 10 11
9 12 20
9 14 6
16 19 7
16 7 19
13 12 2
12 9 20
13 2 9
4 4 16
17 20 1
20 17 14
14 6 9
11 9 3
2 8 5
7 2 18
11 3 9
11 9 2
13 16 3
4 16 4
16 13 14
10 16 3
8 12 16
2 18 7
20 11 6
14 1 8
13 13 15
1 17 20
2 7 9
14 6 9
16 12 8
2 9 7
2 13 9
7 2 18
7 7 17
13 15 5
11 6 20
14 8 9
19 3 16
15 13 5
16 3 13
5 16 8
6 11 20
9 11 3
2 9 13
16 8 5
19 16 7
10 16 3
7 2 9
17 7 7
10 3 16
14 8 9
12 3 2
10 9 11
20 9 11
19 17 2
8 3 20
8 2 5
8 3 6
20 9 10
20 11 6
8 6 3
20 15 7
7 9 2
11 6 10
3 8 20
9 10 20
11 5 10
5 13 15
20 11 9
7 19 16
3 12 2
9 6 1
11 20 6
4 6 15
13 3 16
20 6 3
14 9 6
20 15 7
13 3 16
3 20 8
20 17 14
1 8 14
3 12 2
9 14 8
2 12 13
8 16 5
6 15 16
1 20 17
7 9 2
3 20 8
16 12 8
9 7 2
5 13 15
4 6 15
5 10 11
16 5 8
2 8 5
4 6 15
14 8 19
3 20 8
19 16 7
16 15 6
2 13 9
20 17 14
7 18 2
15 7 20
9 8 14
8 2 5
12 9 20
15 4 6
9 20 11
14 8 19
9 20 10
13 1 7
17 20 1
10 16 3
2 9 7
10 5 11
11 2 9
19 16 15
18 2 7
14 20 17
9 20 12
12 16 8
14 1 8
11 10 5
12 13 2
5 13 15
9 6 14
14 6 9
9 14 8
14 9 8
8 16 15
8 3 6
1 7 13
16 8 15
17 7 7
19 16 3
7 16 19
7 19 16
1 17 20
12 14 1
16 10 3
7 9 2
20 14 17
16 8 5
9 1 6
20 17 1
15 7 20
8 19 14
16 8 5
15 8 16
13 9 2
11 10 5
2 12 3
16 17 10
3 10 16
14 17 20
8 2 5
7 9 2
7 20 15
12 16 8
16 12 8
11 3 9
8 9 14
20 12 9
1 8 14
11 3 9
8 3 20
20 8 3
20 9 12
9 3 11
6 16 15
16 19 7
1 9 6
6 11 20
6 11 20
2 18 7
16 10 3
14 19 8
7 9 2
5 16 8
9 8 14
5 2 8
20 3 8
11 6 20
3 13 16
13 9 2
6 15 16
7 16 19
15 7 20
1 17 20
4 15 6
11 10 9
11 10 5
5 2 8
8 16 5
6 9 1
5 11 10
20 12 9
13 2 9
14 9 8
15 6 16
7 7 17
13 5 15
20 1 17
16 3 13
7 17 7
20 11 9
10 3 16
15 13 13
7 7 17
1 14 8
18 7 2
16 7 19
7 18 2
9 20 11
9 20 11
2 12 3
9 14 6
3 16 19
19 16 7
3 16 13
5 8 16
16 3 19
9 2 7
16 10 3
7 17 7
19 3 16
6 16 15
12 16 8
9 20 10
5 8 2
10 5 11
16 3 13
13 9 2
17 14 20
3 16 13
9 10 16
10 16 9
16 3 13
5 13 15
16 5 8
13 5 15
9 20 12
10 3 16
14 16 13
3 16 13
6 9 14
20 17 14
2 12 3
7 17 7
19 6 8
16 19 7
12 13 2
3 20 6
10 16 9
19 14 8
14 16 13
11 9 2
8 3 20
13 9 2
14 1 8
17 20 1
13 5 15
14 16 13
7 17 7
16 3 13
8 2 5
3 8 20
17 1 20
13 1 7
11 10 5
1 20 17
11 9 3
6 20 11
7 16 19
17 7 7
9 13 2
12 16 8
9 11 20
7 17 7
7 16 19
3 16 13
14 6 9
10 5 11
19 7 16
19 7 16
15 5 13
2 13 12
7 1 13
6 8 3
2 7 18
12 8 16
20 1 17
16 13 14
3 2 12
20 11 9
2 9 13
16 10 17
8 14 19
7 16 19
2 13 12
17 7 7
7 19 16
11 9 10
7 17 7
16 3 13
3 8 20
16 19 7
13 2 12
8 5 2
11 5 10
11 10 9
13 15 5
14 17 20
17 7 7
11 20 6
8 20 3
1 13 7
8 2 5
8 1 14
20 3 8
17 7 7
5 10 11
9 12 20
13 7 1
16 19 15
1 13 7
9 11 10
16 13 3
7 20 15
11 6 20
2 11 9
9 13 2
7 17 7
20 6 11
3 2 12
2 9 11
9 20 12
7 9 2
8 20 3
13 13 15
20 8 3
11 20 6
3 9 11
6 10 11
9 20 12
17 20 1
1 12 14
13 2 9
1 14 8
10 16 9
18 2 7
8 19 6
15 7 20
4 6 15
2 9 13
13 15 13
12 16 8
7 1 13
18 2 7
18 9 6
20 3 8
9 2 7
10 9 11
9 12 20
12 9 20
9 2 7
13 16 3
8 12 16
9 2 7
8 2 5
16 7 19
7 9 2
3 11 9
5 10 11
16 15 6
9 6 14
15 6 4
7 7 17
14 19 8
20 1 17
17 20 14
8 3 20
2 18 7
7 13 1
12 9 20
7 17 7
2 7 9
4 15 6
13 12 2
2 12 13
3 2 12
5 2 8
5 15 13
20 9 12
15 6 16
6 16 15
15 13 13
10 11 9
15 4 6
9 11 3
13 2 12
14 8 1
8 19 14
16 8 5
3 20 8
13 5 15
16 12 8
3 6 8
17 20 1
2 9 11
19 16 7
10 5 11
12 9 20
14 13 16
10 16 3
14 8 19
2 5 8
11 10 5
6 15 4
16 13 3
13 1 7
20 8 3
19 16 7
9 20 10
9 2 7
20 6 11
9 2 13
10 9 20
9 2 13
20 1 17
1 17 20
13 15 13
6 9 1
20 10 9
17 20 1
5 2 8
6 15 4
13 9 2
3 2 12
2 18 7
2 5 8
12 8 16
10 11 6
20 15 7
15 7 20
10 11 9
20 11 6
3 8 20
13 3 16
7 13 1
16 19 7
17 7 7
8 16 12
16 12 8
2 13 9
8 12 16
5 2 8
9 3 11
18 2 7
15 13 13
15 4 6
13 2 12
3 6 20
8 6 19
11 9 3
19 16 15
11 10 9
13 14 16
17 14 20
16 8 5
19 16 7
19 16 7
20 17 1
12 2 3
9 12 20
7 16 19
5 15 13
20 12 9
4 6 15
2 9 11
3 16 19
15 6 4
13 7 1
9 3 11
9 1 6
6 15 16
16 13 14
20 9 12
20 17 1
18 7 2
9 16 10
7 9 2
16 8 5
17 7 7
12 13 2
8 20 3
12 16 8
6 9 14
20 9 12
5 8 16
1 7 13
13 2 9
16 15 8
12 16 8
10 9 11
12 20 9
10 11 9
19 8 14
2 13 9
6 16 15
20 7 15
13 13 15
7 17 7
5 10 11
6 1 9
1 7 13
14 17 20
9 2 7
7 15 20
1 14 12
20 11 9
6 16 15
2 13 9
20 8 3
20 3 6
15 13 5
20 3 8
17 20 14
9 7 2
8 19 6
20 11 6
2 9 13
13 3 16
7 19 16
20 7 15
3 20 6
15 20 7
4 16 4
1 14 8
16 19 7
14 8 9
6 15 16
8 2 5
14 8 19
3 9 11
10 9 16
10 16 3
8 9 14
13 5 15
11 10 5
4 6 15
9 10 16
7 7 17
20 14 17
20 14 17
18 7 2
20 8 3
6 20 3
16 15 6
13 9 2
11 9 2
13 16 14
4 15 6
6 10 11
1 9 6
7 2 9
2 11 9
17 14 20
13 3 16
16 13 3
15 6 16
4 15 6
6 8 3
6 20 11
3 6 8
9 10 11
8 16 5
10 6 11
13 9 2
20 3 8
8 9 14
4 16 4
1 14 8
5 10 11
18 7 2
2 13 9
8 1 14
15 13 13
6 19 8
10 9 11
19 16 7
5 2 8
5 8 16
7 17 7
9 7 2
13 13 15
8 20 3
8 16 12
7 17 7
5 8 16
7 15 20
3 6 8
7 2 9
16 19 7
16 8 5
19 3 16
2 13 12
8 19 14
1 8 14
13 12 2
14 20 17
2 7 18
1 20 17
20 6 11
20 1 17
8 6 3
5 15 13
10 3 16
3 16 19
13 13 15
20 3 8
9 8 14
8 14 9
8 12 16
5 15 13
12 2 3
20 14 17
12 13 2
10 16 3
6 4 15
6 4 15
4 6 15
3 20 6
14 16 13
7 15 20
9 12 20
9 12 20
20 9 12
8 3 6
20 1 17
16 19 7
9 10 11
3 8 20
13 16 14
8 20 3
5 10 11
3 10 16
8 9 14
3 9 11
7 19 16
15 7 20
13 12 2
7 20 15
2 12 13
9 2 11
13 14 16
7 1 13
16 5 8
16 3 13
9 2 11
5 8 2
16 14 13
8 16 5
11 3 9
16 3 10
13 2 12
11 10 5
9 13 2
16 13 3
10 9 20
5 8 2
20 6 11
14 8 9
12 20 9
9 7 2
14 20 17
8 20 3
14 12 1
20 17 14
20 12 9
16 14 13
14 8 1
2 7 9
17 20 1
7 17 7
16 8 5
17 20 1
1 13 7
10 9 20
13 2 12
16 10 9
13 16 3
14 9 8
6 15 4
9 2 7
6 8 19
6 16 15
1 6 9
6 3 8
12 20 9
15 13 13
3 11 9
10 6 11
2 13 12
12 8 16
14 6 9
9 2 7
4 15 6
1 6 9
15 6 4
2 9 7
16 3 13
19 16 7
2 13 12
6 20 11
7 9 2
20 1 17
8 3 6
9 20 12
2 13 9
6 1 9
16 10 3
3 2 12
9 12 20
13 16 3
13 12 2
17 7 7
8 12 16
1 14 8
6 11 20
4 15 6
13 14 16
2 13 9
3 2 12
1 14 12
11 3 9
20 9 12
2 5 8
8 14 9
17 7 7
2 7 9
14 12 1
13 12 2
14 19 8
9 20 12
12 8 16
20 6 11
16 9 10
20 14 17
3 11 9
2 7 9
10 9 20
10 9 11
1 6 9
14 13 16
10 11 9
9 12 20
7 20 15
1 9 6
2 8 5
12 2 3
1 20 17
2 3 12
2 13 9
12 16 8
18 2 7
7 19 16
5 15 13
15 5 13
5 8 2
13 2 9
20 8 3
3 8 20
7 7 17
7 7 17
15 13 5
14 13 16
14 9 6
13 16 14
1 17 20
5 16 8
1 13 7
17 7 7
15 19 16
13 1 7
20 9 10
15 6 16
2 13 12
10 11 5
3 11 9
3 10 16
8 16 12
20 7 15
16 8 15
16 10 3
13 14 16
5 8 16
2 7 18
11 5 10
15 13 5
9 7 2
16 12 8
5 8 16
16 19 7
16 14 13
13 1 7
6 3 8
5 11 10
12 1 14
17 20 14
16 10 3
14 16 13
13 2 9
16 13 14
16 13 3
1 17 20
14 16 13
7 13 1
3 6 8
11 20 6
20 1 17
14 16 13
13 5 15
7 20 15
14 8 9
19 16 3
20 3 8
13 16 3
6 15 4
4 4 16
2 12 3
20 14 17
2 9 7
19 7 16
16 8 12
12 2 13
16 14 13
7 17 7
12 2 3
13 3 16
16 3 13
12 20 9
10 11 5
13 3 16
3 8 20
6 3 8
5 8 16
6 4 15
12 9 20
6 8 19
15 5 13
7 7 17
15 19 16
9 10 11
9 7 2
3 9 11
17 7 7
12 9 20
20 14 17
8 12 16
8 16 5
19 14 8
16 19 7
3 10 16
16 19 7
3 11 9
8 20 3
14 19 8
6 3 8
17 1 20
13 16 3
20 9 12
14 1 12
3 8 20
8 5 2
9 10 20
8 5 2
16 8 12
4 15 6
1 20 17
14 13 16
9 3 11
4 4 16
13 5 15
6 19 8
17 20 14
9 2 7
8 19 6
10 16 9
19 7 16
9 7 2
14 17 20
16 13 14
14 8 1
10 5 11
20 8 3
16 10 3
3 16 10
16 3 10
17 14 20
1 13 7
14 17 20
11 2 9
20 14 17
6 1 9
1 20 17
16 8 5
10 11 9
8 3 6
7 1 13
12 2 13
10 16 3
20 9 12
20 11 9
1 7 13
16 14 13
20 6 11
2 12 3
5 10 11
12 8 16
9 10 11
4 4 16
4 15 6
7 19 16
2 13 9
15 20 7
15 13 13
17 14 20
3 20 8
3 8 6
8 16 12
16 6 15
3 13 16
7 15 20
10 3 16
7 7 17
13 13 15
20 3 8
10 16 17
16 10 3
15 13 13
14 9 6
2 13 12
6 15 16
16 13 14
14 8 1
9 13 2
8 9 14
3 11 9
12 16 8
4 15 6
16 13 3
5 8 2
6 9 14
14 8 1
6 3 8
7 7 17
9 11 3
9 11 3
13 15 13
16 19 7
19 8 6
15 5 13
5 8 16
20 9 10
3 9 11
5 10 11
17 1 20
10 11 5
5 15 13
14 16 13
18 9 6
20 7 15
17 7 7
12 20 9
0 0
