45 1225
4 9 9
17 1 20
12 8 16
16 12 8
16 7 19
16 8 5
13 7 1
9 10 11
9 11 3
2 11 9
8 6 19
5 2 8
13 15 13
13 12 2
8 20 3
1 17 20
7 5 7
12 16 8
20 7 15
15 5 13
8 19 14
20 11 6
7 19 16
9 2 7
1 20 17
11 3 9
11 20 6
9 11 2
2 3 12
19 16 3
14 9 8
11 6 20
13 13 15
3 2 12
13 14 16
15 4 6
16 3 10
2 13 9
3 6 8
5 8 16
14 8 19
5 15 13
7 7 17
9 12 20
8 16 12
16 7 19
20 1 17
7 9 2
16 3 13
16 8 12
8 16 5
11 5 10
8 3 20
15 13 5
12 2 13
3 6 8
13 1 7
2 7 18
11 3 9
11 3 9
20 3 8
3 13 16
10 16 3
8 3 20
14 9 8
13 9 2
5 2 8
6 14 9
14 9 8
8 16 12
15 6 16
20 15 7
7 20 15
14 20 17
12 13 2
19 16 7
19 16 3
3 2 12
19 16 3
13 16 3
8 9 14
10 20 9
7 20 15
9 2 13
5 15 13
17 14 20
3 11 9
14 17 20
13 3 16
10 9 11
5 11 10
15 4 6
17 1 20
12 2 3
6 16 15
2 13 12
20 7 15
9 8 14
16 14 13
11 2 9
11 5 10
13 7 1
9 12 20
9 20 12
20 1 17
17 1 20
4 6 15
2 5 8
9 8 14
9 10 16
2 7 18
7 20 15
17 1 20
17 14 20
16 15 6
16 14 13
3 8 20
11 10 9
16 19 7
9 7 2
10 16 9
2 3 12
3 9 11
6 14 9
16 13 14
13 2 12
5 13 15
3 6 20
13 16 3
2 9 11
19 8 14
16 19 3
16 5 8
7 2 9
20 9 12
12 20 9
13 3 16
12 16 8
8 16 12
13 1 7
4 4 16
16 19 15
15 16 6
13 15 13
4 15 6
13 15 5
16 8 5
17 14 20
8 14 19
3 8 6
17 7 7
16 6 15
8 20 3
20 11 6
15 4 6
8 20 3
3 19 16
16 6 15
20 17 1
16 8 12
12 2 13
8 14 19
14 9 6
10 9 11
7 9 2
10 5 11
9 8 14
2 9 11
15 5 13
9 7 2
14 17 20
17 7 7
4 6 15
14 17 20
16 4 4
15 6 4
16 8 5
11 9 10
9 20 12
9 20 12
7 17 7
15 7 20
16 5 8
8 3 6
20 14 17
19 16 3
8 16 12
5 8 2
2 13 9
8 12 16
8 5 16
13 5 15
17 10 16
13 15 5
16 3 13
20 9 10
9 2 13
4 4 16
5 16 8
15 13 5
9 2 7
4 4 16
7 9 2
7 7 5
2 13 9
2 13 12
13 2 12
7 2 9
13 3 16
5 8 16
7 19 16
11 6 20
16 3 13
8 16 12
17 20 14
7 20 15
11 9 10
15 5 13
15 4 6
17 14 20
3 16 13
11 10 6
16 3 19
16 10 3
13 15 5
3 20 6
19 7 16
3 20 8
7 16 19
8 12 16
10 11 9
15 13 13
9 10 16
11 10 5
8 20 3
13 16 14
19 14 8
1 7 13
9 6 18
4 4 16
17 7 7
9 20 12
9 7 2
9 2 13
9 6 14
14 16 13
9 13 2
9 2 13
5 10 11
9 12 20
9 14 6
16 19 7
16 7 19
13 12 2
12 9 20
13 2 9
4 4 16
17 20 1
20 17 14
14 6 9
11 9 3
2 8 5
7 2 18
11 3 9
11 9 2
13 16 3
4 16 4
16 13 14
10 16 3
8 12 16
2 18 7
20 11 6
14 1 8
13 13 15
1 17 20
2 7 9
14 6 9
16 12 8
2 9 7
2 13 9
7 2 18
7 7 17
13 15 5
11 6 20
14 8 9
19 3 16
15 13 5
16 3 13
5 16 8
6 11 20
9 11 3
2 9 13
16 8 5
19 16 7
10 16 3
7 2 9
17 7 7
10 3 16
14 8 9
12 3 2
10 9 11
20 9 11
19 17 2
8 3 20
8 2 5
8 3 6
20 9 10
20 11 6
8 6 3
20 15 7
7 9 2
11 6 10
3 8 20
9 10 20
11 5 10
5 13 15
20 11 9
7 19 16
3 12 2
9 6 1
11 20 6
4 6 15
13 3 16
20 6 3
14 9 6
20 15 7
13 3 16
3 20 8
20 17 14
1 8 14
3 12 2
9 14 8
2 12 13
8 16 5
6 15 16
1 20 17
7 9 2
3 20 8
16 12 8
9 7 2
5 13 15
4 6 15
5 10 11
16 5 8
2 8 5
4 6 15
14 8 19
3 20 8
19 16 7
16 15 6
2 13 9
20 17 14
7 18 2
15 7 20
9 8 14
8 2 5
12 9 20
15 4 6
9 20 11
14 8 19
9 20 10
13 1 7
17 20 1
10 16 3
2 9 7
10 5 11
11 2 9
19 16 15
18 2 7
14 20 17
9 20 12
12 16 8
14 1 8
11 10 5
12 13 2
5 13 15
9 6 14
14 6 9
9 14 8
14 9 8
8 16 15
8 3 6
1 7 13
16 8 15
17 7 7
19 16 3
7 16 19
7 19 16
1 17 20
12 14 1
16 10 3
7 9 2
20 14 17
16 8 5
9 1 6
20 17 1
15 7 20
8 19 14
16 8 5
15 8 16
13 9 2
11 10 5
2 12 3
16 17 10
3 10 16
14 17 20
8 2 5
7 9 2
7 20 15
12 16 8
16 12 8
11 3 9
8 9 14
20 12 9
1 8 14
11 3 9
8 3 20
20 8 3
20 9 12
9 3 11
6 16 15
16 19 7
1 9 6
6 11 20
6 11 20
2 18 7
16 10 3
14 19 8
7 9 2
5 16 8
9 8 14
5 2 8
20 3 8
11 6 20
3 13 16
13 9 2
6 15 16
7 16 19
15 7 20
1 17 20
4 15 6
11 10 9
11 10 5
5 2 8
8 16 5
6 9 1
5 11 10
20 12 9
13 2 9
14 9 8
15 6 16
7 7 17
13 5 15
20 1 17
16 3 13
7 17 7
20 11 9
10 3 16
15 13 13
7 7 17
1 14 8
18 7 2
16 7 19
7 18 2
9 20 11
9 20 11
2 12 3
9 14 6
3 16 19
19 16 7
3 16 13
5 8 16
16 3 19
9 2 7
16 10 3
7 17 7
19 3 16
6 16 15
12 16 8
9 20 10
5 8 2
10 5 11
16 3 13
13 9 2
17 14 20
3 16 13
9 10 16
10 16 9
16 3 13
5 13 15
16 5 8
13 5 15
9 20 12
10 3 16
14 16 13
3 16 13
6 9 14
20 17 14
2 12 3
7 17 7
19 6 8
16 19 7
12 13 2
3 20 6
10 16 9
19 14 8
14 16 13
11 9 2
8 3 20
13 9 2
14 1 8
17 20 1
13 5 15
14 16 13
7 17 7
16 3 13
8 2 5
3 8 20
17 1 20
13 1 7
11 10 5
1 20 17
11 9 3
6 20 11
7 16 19
17 7 7
9 13 2
12 16 8
9 11 20
7 17 7
7 16 19
3 16 13
14 6 9
10 5 11
19 7 16
19 7 16
15 5 13
2 13 12
7 1 13
6 8 3
2 7 18
12 8 16
20 1 17
16 13 14
3 2 12
20 11 9
2 9 13
16 10 17
8 14 19
7 16 19
2 13 12
17 7 7
7 19 16
11 9 10
7 17 7
16 3 13
3 8 20
16 19 7
13 2 12
8 5 2
11 5 10
11 10 9
13 15 5
14 17 20
17 7 7
11 20 6
8 20 3
1 13 7
8 2 5
8 1 14
20 3 8
17 7 7
5 10 11
9 12 20
13 7 1
16 19 15
1 13 7
9 11 10
16 13 3
7 20 15
11 6 20
2 11 9
9 13 2
7 17 7
20 6 11
3 2 12
2 9 11
9 20 12
7 9 2
8 20 3
13 13 15
20 8 3
11 20 6
3 9 11
6 10 11
9 20 12
17 20 1
1 12 14
13 2 9
1 14 8
10 16 9
18 2 7
8 19 6
15 7 20
4 6 15
2 9 13
13 15 13
12 16 8
7 1 13
18 2 7
18 9 6
20 3 8
9 2 7
10 9 11
9 12 20
12 9 20
9 2 7
13 16 3
8 12 16
9 2 7
8 2 5
16 7 19
7 9 2
3 11 9
5 10 11
16 15 6
9 6 14
15 6 4
7 7 17
14 19 8
20 1 17
17 20 14
8 3 20
2 18 7
7 13 1
12 9 20
7 17 7
2 7 9
4 15 6
13 12 2
2 12 13
3 2 12
5 2 8
5 15 13
20 9 12
15 6 16
6 16 15
15 13 13
10 11 9
15 4 6
9 11 3
13 2 12
14 8 1
8 19 14
16 8 5
3 20 8
13 5 15
16 12 8
3 6 8
17 20 1
2 9 11
19 16 7
10 5 11
12 9 20
14 13 16
10 16 3
14 8 19
2 5 8
11 10 5
6 15 4
16 13 3
13 1 7
20 8 3
19 16 7
9 20 10
9 2 7
20 6 11
9 2 13
10 9 20
9 2 13
20 1 17
1 17 20
13 15 13
6 9 1
20 10 9
17 20 1
5 2 8
6 15 4
13 9 2
3 2 12
2 18 7
2 5 8
12 8 16
10 11 6
20 15 7
15 7 20
10 11 9
20 11 6
3 8 20
13 3 16
7 13 1
16 19 7
17 7 7
8 16 12
16 12 8
2 13 9
8 12 16
5 2 8
9 3 11
18 2 7
15 13 13
15 4 6
13 2 12
3 6 20
8 6 19
11 9 3
19 16 15
11 10 9
13 14 16
17 14 20
16 8 5
19 16 7
19 16 7
20 17 1
12 2 3
9 12 20
7 16 19
5 15 13
20 12 9
4 6 15
2 9 11
3 16 19
15 6 4
13 7 1
9 3 11
9 1 6
6 15 16
16 13 14
20 9 12
20 17 1
18 7 2
9 16 10
7 9 2
16 8 5
17 7 7
12 13 2
8 20 3
12 16 8
6 9 14
20 9 12
5 8 16
1 7 13
13 2 9
16 15 8
12 16 8
10 9 11
12 20 9
10 11 9
19 8 14
2 13 9
6 16 15
20 7 15
13 13 15
7 17 7
5 10 11
6 1 9
1 7 13
14 17 20
9 2 7
7 15 20
1 14 12
20 11 9
6 16 15
2 13 9
20 8 3
20 3 6
15 13 5
20 3 8
17 20 14
9 7 2
8 19 6
20 11 6
2 9 13
13 3 16
7 19 16
20 7 15
3 20 6
15 20 7
4 16 4
1 14 8
16 19 7
14 8 9
6 15 16
8 2 5
14 8 19
3 9 11
10 9 16
10 16 3
8 9 14
13 5 15
11 10 5
4 6 15
9 10 16
7 7 17
20 14 17
20 14 17
18 7 2
20 8 3
6 20 3
16 15 6
13 9 2
11 9 2
13 16 14
4 15 6
6 10 11
1 9 6
7 2 9
2 11 9
17 14 20
13 3 16
16 13 3
15 6 16
4 15 6
6 8 3
6 20 11
3 6 8
9 10 11
8 16 5
10 6 11
13 9 2
20 3 8
8 9 14
4 16 4
1 14 8
5 10 11
18 7 2
2 13 9
8 1 14
15 13 13
6 19 8
10 9 11
19 16 7
5 2 8
5 8 16
7 17 7
9 7 2
13 13 15
8 20 3
8 16 12
7 17 7
5 8 16
7 15 20
3 6 8
7 2 9
16 19 7
16 8 5
19 3 16
2 13 12
8 19 14
1 8 14
13 12 2
14 20 17
2 7 18
1 20 17
20 6 11
20 1 17
8 6 3
5 15 13
10 3 16
3 16 19
13 13 15
20 3 8
9 8 14
8 14 9
8 12 16
5 15 13
12 2 3
20 14 17
12 13 2
10 16 3
6 4 15
6 4 15
4 6 15
3 20 6
14 16 13
7 15 20
9 12 20
9 12 20
20 9 12
8 3 6
20 1 17
16 19 7
9 10 11
3 8 20
13 16 14
8 20 3
5 10 11
3 10 16
8 9 14
3 9 11
7 19 16
15 7 20
13 12 2
7 20 15
2 12 13
9 2 11
13 14 16
7 1 13
16 5 8
16 3 13
9 2 11
5 8 2
16 14 13
8 16 5
11 3 9
16 3 10
13 2 12
11 10 5
9 13 2
16 13 3
10 9 20
5 8 2
20 6 11
14 8 9
12 20 9
9 7 2
14 20 17
8 20 3
14 12 1
20 17 14
20 12 9
16 14 13
14 8 1
2 7 9
17 20 1
7 17 7
16 8 5
17 20 1
1 13 7
10 9 20
13 2 12
16 10 9
13 16 3
14 9 8
6 15 4
9 2 7
6 8 19
6 16 15
1 6 9
6 3 8
12 20 9
15 13 13
3 11 9
10 6 11
2 13 12
12 8 16
14 6 9
9 2 7
4 15 6
1 6 9
15 6 4
2 9 7
16 3 13
19 16 7
2 13 12
6 20 11
7 9 2
20 1 17
8 3 6
9 20 12
2 13 9
6 1 9
16 10 3
3 2 12
9 12 20
13 16 3
13 12 2
17 7 7
8 12 16
1 14 8
6 11 20
4 15 6
13 14 16
2 13 9
3 2 12
1 14 12
11 3 9
20 9 12
2 5 8
8 14 9
17 7 7
2 7 9
14 12 1
13 12 2
14 19 8
9 20 12
12 8 16
20 6 11
16 9 10
20 14 17
3 11 9
2 7 9
10 9 20
10 9 11
1 6 9
14 13 16
10 11 9
9 12 20
7 20 15
1 9 6
2 8 5
12 2 3
1 20 17
2 3 12
2 13 9
12 16 8
18 2 7
7 19 16
5 15 13
15 5 13
5 8 2
13 2 9
20 8 3
3 8 20
7 7 17
7 7 17
15 13 5
14 13 16
14 9 6
13 16 14
1 17 20
5 16 8
1 13 7
17 7 7
15 19 16
13 1 7
20 9 10
15 6 16
2 13 12
10 11 5
3 11 9
3 10 16
8 16 12
20 7 15
16 8 15
16 10 3
13 14 16
5 8 16
2 7 18
11 5 10
15 13 5
9 7 2
16 12 8
5 8 16
16 19 7
16 14 13
13 1 7
6 3 8
5 11 10
12 1 14
17 20 14
16 10 3
14 16 13
13 2 9
16 13 14
16 13 3
1 17 20
14 16 13
7 13 1
3 6 8
11 20 6
20 1 17
14 16 13
13 5 15
7 20 15
14 8 9
19 16 3
20 3 8
13 16 3
6 15 4
4 4 16
2 12 3
20 14 17
2 9 7
19 7 16
16 8 12
12 2 13
16 14 13
7 17 7
12 2 3
13 3 16
16 3 13
12 20 9
10 11 5
13 3 16
3 8 20
6 3 8
5 8 16
6 4 15
12 9 20
6 8 19
15 5 13
7 7 17
15 19 16
9 10 11
9 7 2
3 9 11
17 7 7
12 9 20
20 14 17
8 12 16
8 16 5
19 14 8
16 19 7
3 10 16
16 19 7
3 11 9
8 20 3
14 19 8
6 3 8
17 1 20
13 16 3
20 9 12
14 1 12
3 8 20
8 5 2
9 10 20
8 5 2
16 8 12
4 15 6
1 20 17
14 13 16
9 3 11
4 4 16
13 5 15
6 19 8
17 20 14
9 2 7
8 19 6
10 16 9
19 7 16
9 7 2
14 17 20
16 13 14
14 8 1
10 5 11
20 8 3
16 10 3
3 16 10
16 3 10
17 14 20
1 13 7
14 17 20
11 2 9
20 14 17
6 1 9
1 20 17
16 8 5
10 11 9
8 3 6
7 1 13
12 2 13
10 16 3
20 9 12
20 11 9
1 7 13
16 14 13
20 6 11
2 12 3
5 10 11
12 8 16
9 10 11
4 4 16
4 15 6
7 19 16
2 13 9
15 20 7
15 13 13
17 14 20
3 20 8
3 8 6
8 16 12
16 6 15
3 13 16
7 15 20
10 3 16
7 7 17
13 13 15
20 3 8
10 16 17
16 10 3
15 13 13
14 9 6
2 13 12
6 15 16
16 13 14
14 8 1
9 13 2
8 9 14
3 11 9
12 16 8
4 15 6
16 13 3
5 8 2
6 9 14
14 8 1
6 3 8
7 7 17
9 11 3
9 11 3
13 15 13
16 19 7
19 8 6
15 5 13
5 8 16
20 9 10
3 9 11
5 10 11
17 1 20
10 11 5
5 15 13
14 16 13
18 9 6
20 7 15
17 7 7
12 20 9
45 1225
4 9 9
17 1 20
12 8 16
16 12 8
16 7 19
16 8 5
13 7 1
9 10 11
9 11 3
2 11 9
8 6 19
5 2 8
13 15 13
13 12 2
8 20 3
1 17 20
7 5 7
12 16 8
20 7 15
15 5 13
8 19 14
20 11 6
7 19 16
9 2 7
1 20 17
11 3 9
11 20 6
9 11 2
2 3 12
19 16 3
14 9 8
11 6 20
13 13 15
3 2 12
13 14 16
15 4 6
16 3 10
2 13 9
3 6 8
5 8 16
14 8 19
5 15 13
7 7 17
9 12 20
8 16 12
16 7 19
20 1 17
7 9 2
16 3 13
16 8 12
8 16 5
11 5 10
8 3 20
15 13 5
12 2 13
3 6 8
13 1 7
2 7 18
11 3 9
11 3 9
20 3 8
3 13 16
10 16 3
8 3 20
14 9 8
13 9 2
5 2 8
6 14 9
14 9 8
8 16 12
15 6 16
20 15 7
7 20 15
14 20 17
12 13 2
19 16 7
19 16 3
3 2 12
19 16 3
13 16 3
8 9 14
10 20 9
7 20 15
9 2 13
5 15 13
17 14 20
3 11 9
14 17 20
13 3 16
10 9 11
5 11 10
15 4 6
17 1 20
12 2 3
6 16 15
2 13 12
20 7 15
9 8 14
16 14 13
11 2 9
11 5 10
13 7 1
9 12 20
9 20 12
20 1 17
17 1 20
4 6 15
2 5 8
9 8 14
9 10 16
2 7 18
7 20 15
17 1 20
17 14 20
16 15 6
16 14 13
3 8 20
11 10 9
16 19 7
9 10 16
10 16 9
9 10 16
9 10 16
6 14 9
16 13 14
13 2 12
5 13 15
9 10 16
13 16 3
9 10 16
19 8 14
16 19 3
16 5 8
9 10 16
20 9 12
12 20 9
13 3 16
12 16 8
8 16 12
9 10 16
4 4 16
16 19 15
15 16 6
13 15 13
4 15 6
13 15 5
16 8 5
17 14 20
8 14 19
3 8 6
17 7 7
16 6 15
8 20 3
20 11 6
15 4 6
8 20 3
3 19 16
16 6 15
20 17 1
16 8 12
12 2 13
8 14 19
14 9 6
10 9 11
7 9 2
10 5 11
9 8 14
2 9 11
15 5 13
9 7 2
14 17 20
17 7 7
4 6 15
14 17 20
16 4 4
15 6 4
16 8 5
11 9 10
9 20 12
9 20 12
7 17 7
15 7 20
16 5 8
8 3 6
20 14 17
19 16 3
8 16 12
5 8 2
2 13 9
8 12 16
8 5 16
13 5 15
17 10 16
13 15 5
16 3 13
20 9 10
9 2 13
4 4 16
5 16 8
15 13 5
9 2 7
4 4 16
7 9 2
7 7 5
2 13 9
2 13 12
13 2 12
7 2 9
13 3 16
5 8 16
7 19 16
11 6 20
16 3 13
8 16 12
17 20 14
7 20 15
11 9 10
15 5 13
15 4 6
17 14 20
3 16 13
11 10 6
16 3 19
16 10 3
13 15 5
3 20 6
19 7 16
3 20 8
7 16 19
8 12 16
10 11 9
15 13 13
9 10 16
11 10 5
8 20 3
13 16 14
19 14 8
1 7 13
9 6 18
4 4 16
17 7 7
9 20 12
9 7 2
9 2 13
9 6 14
14 16 13
9 13 2
9 2 13
5 10 11
9 12 20
9 14 6
16 19 7
16 7 19
13 12 2
12 9 20
13 2 9
4 4 16
17 20 1
20 17 14
14 6 9
11 9 3
2 8 5
7 2 18
11 3 9
11 9 2
13 16 3
4 16 4
16 13 14
10 16 3
8 12 16
2 18 7
20 11 6
14 1 8
13 13 15
1 17 20
2 7 9
14 6 9
16 12 8
2 9 7
2 13 9
7 2 18
7 7 17
13 15 5
11 6 20
14 8 9
19 3 16
15 13 5
16 3 13
5 16 8
6 11 20
9 11 3
2 9 13
16 8 5
19 16 7
10 16 3
7 2 9
17 7 7
10 3 16
14 8 9
12 3 2
10 9 11
20 9 11
19 17 2
8 3 20
8 2 5
8 3 6
20 9 10
20 11 6
8 6 3
20 15 7
7 9 2
11 6 10
3 8 20
9 10 20
11 5 10
5 13 15
20 11 9
7 19 16
3 12 2
9 6 1
11 20 6
4 6 15
13 3 16
20 6 3
14 9 6
20 15 7
13 3 16
3 20 8
20 17 14
1 8 14
3 12 2
9 14 8
2 12 13
8 16 5
6 15 16
1 20 17
7 9 2
3 20 8
16 12 8
9 7 2
5 13 15
4 6 15
5 10 11
16 5 8
2 8 5
4 6 15
14 8 19
3 20 8
19 16 7
16 15 6
2 13 9
20 17 14
7 18 2
15 7 20
9 8 14
8 2 5
12 9 20
15 4 6
9 20 11
14 8 19
9 20 10
13 1 7
17 20 1
10 16 3
2 9 7
10 5 11
11 2 9
19 16 15
18 2 7
14 20 17
9 20 12
12 16 8
14 1 8
11 10 5
12 13 2
5 13 15
9 6 14
14 6 9
9 14 8
14 9 8
8 16 15
8 3 6
1 7 13
16 8 15
17 7 7
19 16 3
7 16 19
7 19 16
1 17 20
12 14 1
16 10 3
7 9 2
20 14 17
16 8 5
9 1 6
20 17 1
15 7 20
8 19 14
16 8 5
15 8 16
13 9 2
11 10 5
2 12 3
16 17 10
3 10 16
14 17 20
8 2 5
7 9 2
7 20 15
12 16 8
16 12 8
11 3 9
8 9 14
20 12 9
1 8 14
11 3 9
8 3 20
20 8 3
20 9 12
9 3 11
6 16 15
16 19 7
1 9 6
6 11 20
6 11 20
2 18 7
16 10 3
14 19 8
7 9 2
5 16 8
9 8 14
5 2 8
20 3 8
11 6 20
3 13 16
13 9 2
6 15 16
7 16 19
15 7 20
1 17 20
4 15 6
11 10 9
11 10 5
5 2 8
8 16 5
6 9 1
5 11 10
20 12 9
13 2 9
14 9 8
15 6 16
7 7 17
13 5 15
20 1 17
16 3 13
7 17 7
20 11 9
10 3 16
15 13 13
7 7 17
1 14 8
18 7 2
16 7 19
7 18 2
9 20 11
9 20 11
2 12 3
9 14 6
3 16 19
19 16 7
3 16 13
5 8 16
16 3 19
9 2 7
16 10 3
7 17 7
19 3 16
6 16 15
12 16 8
9 20 10
5 8 2
10 5 11
16 3 13
13 9 2
17 14 20
3 16 13
9 10 16
10 16 9
16 3 13
5 13 15
16 5 8
13 5 15
9 20 12
10 3 16
14 16 13
3 16 13
6 9 14
20 17 14
2 12 3
7 17 7
19 6 8
16 19 7
12 13 2
3 20 6
10 16 9
19 14 8
14 16 13
11 9 2
8 3 20
13 9 2
14 1 8
17 20 1
13 5 15
14 16 13
7 17 7
16 3 13
8 2 5
3 8 20
17 1 20
13 1 7
11 10 5
1 20 17
11 9 3
6 20 11
7 16 19
17 7 7
9 13 2
12 16 8
9 11 20
7 17 7
7 16 19
3 16 13
14 6 9
10 5 11
19 7 16
19 7 16
15 5 13
2 13 12
7 1 13
6 8 3
2 7 18
12 8 16
20 1 17
16 13 14
3 2 12
20 11 9
2 9 13
16 10 17
8 14 19
7 16 19
2 13 12
17 7 7
7 19 16
11 9 10
7 17 7
16 3 13
3 8 20
16 19 7
13 2 12
8 5 2
11 5 10
11 10 9
13 15 5
14 17 20
17 7 7
11 20 6
8 20 3
1 13 7
8 2 5
8 1 14
20 3 8
17 7 7
5 10 11
9 12 20
13 7 1
16 19 15
1 13 7
9 11 10
16 13 3
7 20 15
11 6 20
2 11 9
9 13 2
7 17 7
20 6 11
3 2 12
2 9 11
9 20 12
7 9 2
8 20 3
13 13 15
20 8 3
11 20 6
3 9 11
6 10 11
9 20 12
17 20 1
1 12 14
13 2 9
1 14 8
10 16 9
18 2 7
8 19 6
15 7 20
4 6 15
2 9 13
13 15 13
12 16 8
7 1 13
18 2 7
18 9 6
20 3 8
9 2 7
10 9 11
9 12 20
12 9 20
9 2 7
13 16 3
8 12 16
9 2 7
8 2 5
16 7 19
7 9 2
3 11 9
5 10 11
16 15 6
9 6 14
15 6 4
7 7 17
14 19 8
20 1 17
17 20 14
8 3 20
2 18 7
7 13 1
12 9 20
7 17 7
2 7 9
4 15 6
13 12 2
2 12 13
3 2 12
5 2 8
5 15 13
20 9 12
15 6 16
6 16 15
15 13 13
10 11 9
15 4 6
9 11 3
13 2 12
14 8 1
8 19 14
16 8 5
3 20 8
13 5 15
16 12 8
3 6 8
17 20 1
2 9 11
19 16 7
10 5 11
12 9 20
14 13 16
10 16 3
14 8 19
2 5 8
11 10 5
6 15 4
16 13 3
13 1 7
20 8 3
19 16 7
9 20 10
9 2 7
20 6 11
9 2 13
10 9 20
9 2 13
20 1 17
1 17 20
13 15 13
6 9 1
20 10 9
17 20 1
5 2 8
6 15 4
13 9 2
3 2 12
2 18 7
2 5 8
12 8 16
10 11 6
20 15 7
15 7 20
10 11 9
20 11 6
3 8 20
13 3 16
7 13 1
16 19 7
17 7 7
8 16 12
16 12 8
2 13 9
8 12 16
5 2 8
9 3 11
18 2 7
15 13 13
15 4 6
13 2 12
3 6 20
8 6 19
11 9 3
19 16 15
11 10 9
13 14 16
17 14 20
16 8 5
19 16 7
19 16 7
20 17 1
12 2 3
9 12 20
7 16 19
5 15 13
20 12 9
4 6 15
2 9 11
3 16 19
15 6 4
13 7 1
9 3 11
9 1 6
6 15 16
16 13 14
20 9 12
20 17 1
18 7 2
9 16 10
7 9 2
16 8 5
17 7 7
12 13 2
8 20 3
12 16 8
6 9 14
20 9 12
5 8 16
1 7 13
13 2 9
16 15 8
12 16 8
10 9 11
12 20 9
10 11 9
19 8 14
2 13 9
6 16 15
20 7 15
13 13 15
7 17 7
5 10 11
6 1 9
1 7 13
14 17 20
9 2 7
7 15 20
1 14 12
20 11 9
6 16 15
2 13 9
20 8 3
20 3 6
15 13 5
20 3 8
17 20 14
9 7 2
8 19 6
20 11 6
2 9 13
13 3 16
7 19 16
20 7 15
3 20 6
15 20 7
4 16 4
1 14 8
16 19 7
14 8 9
6 15 16
8 2 5
14 8 19
3 9 11
10 9 16
10 16 3
8 9 14
13 5 15
11 10 5
4 6 15
9 10 16
7 7 17
20 14 17
20 14 17
18 7 2
20 8 3
6 20 3
16 15 6
13 9 2
11 9 2
13 16 14
4 15 6
6 10 11
1 9 6
7 2 9
2 11 9
17 14 20
13 3 16
16 13 3
15 6 16
4 15 6
6 8 3
6 20 11
3 6 8
9 10 11
8 16 5
10 6 11
13 9 2
20 3 8
8 9 14
4 16 4
1 14 8
5 10 11
18 7 2
2 13 9
8 1 14
15 13 13
6 19 8
10 9 11
19 16 7
5 2 8
5 8 16
7 17 7
9 7 2
13 13 15
8 20 3
8 16 12
7 17 7
5 8 16
7 15 20
3 6 8
7 2 9
16 19 7
16 8 5
19 3 16
2 13 12
8 19 14
1 8 14
13 12 2
14 20 17
2 7 18
1 20 17
20 6 11
20 1 17
8 6 3
5 15 13
10 3 16
3 16 19
13 13 15
20 3 8
9 8 14
8 14 9
8 12 16
5 15 13
12 2 3
20 14 17
12 13 2
10 16 3
6 4 15
6 4 15
4 6 15
3 20 6
14 16 13
7 15 20
9 12 20
9 12 20
20 9 12
8 3 6
20 1 17
16 19 7
9 10 11
3 8 20
13 16 14
8 20 3
5 10 11
3 10 16
8 9 14
3 9 11
7 19 16
15 7 20
13 12 2
7 20 15
2 12 13
9 2 11
13 14 16
7 1 13
16 5 8
16 3 13
9 2 11
5 8 2
16 14 13
8 16 5
11 3 9
16 3 10
13 2 12
11 10 5
9 13 2
16 13 3
10 9 20
5 8 2
20 6 11
14 8 9
12 20 9
9 7 2
14 20 17
8 20 3
14 12 1
20 17 14
20 12 9
16 14 13
14 8 1
2 7 9
17 20 1
7 17 7
16 8 5
17 20 1
1 13 7
10 9 20
13 2 12
16 10 9
13 16 3
14 9 8
6 15 4
9 2 7
6 8 19
6 16 15
1 6 9
6 3 8
12 20 9
15 13 13
3 11 9
10 6 11
2 13 12
12 8 16
14 6 9
9 2 7
4 15 6
1 6 9
15 6 4
2 9 7
16 3 13
19 16 7
2 13 12
6 20 11
7 9 2
20 1 17
8 3 6
9 20 12
2 13 9
6 1 9
16 10 3
3 2 12
9 12 20
13 16 3
13 12 2
17 7 7
8 12 16
1 14 8
6 11 20
4 15 6
13 14 16
2 13 9
3 2 12
1 14 12
11 3 9
20 9 12
2 5 8
8 14 9
17 7 7
2 7 9
14 12 1
13 12 2
14 19 8
9 20 12
12 8 16
20 6 11
16 9 10
20 14 17
3 11 9
2 7 9
10 9 20
10 9 11
1 6 9
14 13 16
10 11 9
9 12 20
7 20 15
1 9 6
2 8 5
12 2 3
1 20 17
2 3 12
2 13 9
12 16 8
18 2 7
7 19 16
5 15 13
15 5 13
5 8 2
13 2 9
20 8 3
3 8 20
7 7 17
7 7 17
15 13 5
14 13 16
14 9 6
13 16 14
1 17 20
5 16 8
1 13 7
17 7 7
15 19 16
13 1 7
20 9 10
15 6 16
2 13 12
10 11 5
3 11 9
3 10 16
8 16 12
20 7 15
16 8 15
16 10 3
13 14 16
5 8 16
2 7 18
11 5 10
15 13 5
9 7 2
16 12 8
5 8 16
16 19 7
16 14 13
13 1 7
6 3 8
5 11 10
12 1 14
17 20 14
16 10 3
14 16 13
13 2 9
16 13 14
16 13 3
1 17 20
14 16 13
7 13 1
3 6 8
11 20 6
20 1 17
14 16 13
13 5 15
7 20 15
14 8 9
19 16 3
20 3 8
13 16 3
6 15 4
4 4 16
2 12 3
20 14 17
2 9 7
19 7 16
16 8 12
12 2 13
16 14 13
7 17 7
12 2 3
13 3 16
16 3 13
12 20 9
10 11 5
13 3 16
3 8 20
6 3 8
5 8 16
6 4 15
12 9 20
6 8 19
15 5 13
7 7 17
15 19 16
9 10 11
9 7 2
3 9 11
17 7 7
12 9 20
20 14 17
8 12 16
8 16 5
19 14 8
16 19 7
3 10 16
16 19 7
3 11 9
8 20 3
14 19 8
6 3 8
17 1 20
13 16 3
20 9 12
14 1 12
3 8 20
8 5 2
9 10 20
8 5 2
16 8 12
4 15 6
1 20 17
14 13 16
9 3 11
4 4 16
13 5 15
6 19 8
17 20 14
9 2 7
8 19 6
10 16 9
19 7 16
9 7 2
14 17 20
16 13 14
14 8 1
10 5 11
20 8 3
16 10 3
3 16 10
16 3 10
17 14 20
1 13 7
14 17 20
11 2 9
20 14 17
6 1 9
1 20 17
16 8 5
10 11 9
8 3 6
7 1 13
12 2 13
10 16 3
20 9 12
20 11 9
1 7 13
16 14 13
20 6 11
2 12 3
5 10 11
12 8 16
9 10 11
4 4 16
4 15 6
7 19 16
2 13 9
15 20 7
15 13 13
17 14 20
3 20 8
3 8 6
8 16 12
16 6 15
3 13 16
7 15 20
10 3 16
7 7 17
13 13 15
20 3 8
10 16 17
16 10 3
15 13 13
14 9 6
2 13 12
6 15 16
16 13 14
14 8 1
9 13 2
8 9 14
3 11 9
12 16 8
4 15 6
16 13 3
5 8 2
6 9 14
14 8 1
6 3 8
7 7 17
9 11 3
9 11 3
13 15 13
16 19 7
19 8 6
15 5 13
5 8 16
20 9 10
3 9 11
5 10 11
17 1 20
10 11 5
5 15 13
14 16 13
18 9 6
20 7 15
17 7 7
12 20 9
45 1245
4 9 9
4 16 24
4 16 24
4 16 24
4 16 24
4 16 24
4 16 24
4 16 24
17 1 20
12 8 16
16 12 8
16 7 19
16 8 5
13 7 1
9 10 11
9 11 3
2 11 9
8 6 19
5 2 8
4 16 24
4 16 24
4 16 24
4 16 24
4 16 24
4 16 24
4 16 24
13 15 13
13 12 2
8 20 3
1 17 20
7 5 7
12 16 8
20 7 15
15 5 13
8 19 14
20 11 6
7 19 16
9 2 7
1 20 17
11 3 9
11 20 6
9 11 2
4 16 24
16 4 24
4 16 24
4 16 24
16 24 4
2 3 12
19 16 3
14 9 8
11 6 20
13 13 15
3 2 12
13 14 16
15 4 6
16 3 10
2 13 9
3 6 8
5 8 16
24 4 16
14 8 19
5 15 13
7 7 17
9 12 20
8 16 12
16 7 19
20 1 17
7 9 2
16 3 13
16 8 12
8 16 5
11 5 10
8 3 20
15 13 5
12 2 13
3 6 8
13 1 7
2 7 18
11 3 9
11 3 9
20 3 8
3 13 16
10 16 3
8 3 20
14 9 8
13 9 2
5 2 8
6 14 9
14 9 8
8 16 12
15 6 16
20 15 7
7 20 15
14 20 17
12 13 2
19 16 7
19 16 3
3 2 12
19 16 3
13 16 3
8 9 14
10 20 9
7 20 15
9 2 13
5 15 13
17 14 20
3 11 9
14 17 20
13 3 16
10 9 11
5 11 10
15 4 6
17 1 20
12 2 3
6 16 15
2 13 12
20 7 15
9 8 14
16 14 13
11 2 9
11 5 10
13 7 1
9 12 20
9 20 12
20 1 17
17 1 20
4 6 15
2 5 8
9 8 14
9 10 16
2 7 18
7 20 15
17 1 20
17 14 20
16 15 6
16 14 13
3 8 20
11 10 9
16 19 7
9 7 2
10 16 9
2 3 12
3 9 11
6 14 9
16 13 14
13 2 12
5 13 15
3 6 20
13 16 3
2 9 11
19 8 14
16 19 3
16 5 8
7 2 9
20 9 12
12 20 9
13 3 16
12 16 8
8 16 12
13 1 7
4 4 16
16 19 15
15 16 6
13 15 13
4 15 6
13 15 5
16 8 5
17 14 20
8 14 19
3 8 6
17 7 7
16 6 15
8 20 3
20 11 6
15 4 6
8 20 3
3 19 16
16 6 15
20 17 1
16 8 12
12 2 13
8 14 19
14 9 6
10 9 11
7 9 2
10 5 11
9 8 14
2 9 11
15 5 13
9 7 2
14 17 20
17 7 7
4 6 15
14 17 20
16 4 4
15 6 4
16 8 5
11 9 10
9 20 12
9 20 12
7 17 7
15 7 20
16 5 8
8 3 6
20 14 17
19 16 3
8 16 12
5 8 2
2 13 9
8 12 16
8 5 16
13 5 15
17 10 16
13 15 5
16 3 13
20 9 10
9 2 13
4 4 16
5 16 8
15 13 5
9 2 7
4 4 16
7 9 2
7 7 5
2 13 9
2 13 12
13 2 12
7 2 9
13 3 16
5 8 16
7 19 16
11 6 20
16 3 13
8 16 12
17 20 14
7 20 15
11 9 10
15 5 13
15 4 6
17 14 20
3 16 13
11 10 6
16 3 19
16 10 3
13 15 5
3 20 6
19 7 16
3 20 8
7 16 19
8 12 16
10 11 9
15 13 13
9 10 16
11 10 5
8 20 3
13 16 14
19 14 8
1 7 13
9 6 18
4 4 16
17 7 7
9 20 12
9 7 2
9 2 13
9 6 14
14 16 13
9 13 2
9 2 13
5 10 11
9 12 20
9 14 6
16 19 7
16 7 19
13 12 2
12 9 20
13 2 9
4 4 16
17 20 1
20 17 14
14 6 9
11 9 3
2 8 5
7 2 18
11 3 9
11 9 2
13 16 3
4 16 4
16 13 14
10 16 3
8 12 16
2 18 7
20 11 6
14 1 8
13 13 15
1 17 20
2 7 9
14 6 9
16 12 8
2 9 7
2 13 9
7 2 18
7 7 17
13 15 5
11 6 20
14 8 9
19 3 16
15 13 5
16 3 13
5 16 8
6 11 20
9 11 3
2 9 13
16 8 5
19 16 7
10 16 3
7 2 9
17 7 7
10 3 16
14 8 9
12 3 2
10 9 11
20 9 11
19 17 2
8 3 20
8 2 5
8 3 6
20 9 10
20 11 6
8 6 3
20 15 7
7 9 2
11 6 10
3 8 20
9 10 20
11 5 10
5 13 15
20 11 9
7 19 16
3 12 2
9 6 1
11 20 6
4 6 15
13 3 16
20 6 3
14 9 6
20 15 7
13 3 16
3 20 8
20 17 14
1 8 14
3 12 2
9 14 8
2 12 13
8 16 5
6 15 16
1 20 17
7 9 2
3 20 8
16 12 8
9 7 2
5 13 15
4 6 15
5 10 11
16 5 8
2 8 5
4 6 15
14 8 19
3 20 8
19 16 7
16 15 6
2 13 9
20 17 14
7 18 2
15 7 20
9 8 14
8 2 5
12 9 20
15 4 6
9 20 11
14 8 19
9 20 10
13 1 7
17 20 1
10 16 3
2 9 7
10 5 11
11 2 9
19 16 15
18 2 7
14 20 17
9 20 12
12 16 8
14 1 8
11 10 5
12 13 2
5 13 15
9 6 14
14 6 9
9 14 8
14 9 8
8 16 15
8 3 6
1 7 13
16 8 15
17 7 7
19 16 3
7 16 19
7 19 16
1 17 20
12 14 1
16 10 3
7 9 2
20 14 17
16 8 5
9 1 6
20 17 1
15 7 20
8 19 14
16 8 5
15 8 16
13 9 2
11 10 5
2 12 3
16 17 10
3 10 16
14 17 20
8 2 5
7 9 2
7 20 15
12 16 8
16 12 8
11 3 9
8 9 14
20 12 9
1 8 14
11 3 9
8 3 20
20 8 3
20 9 12
9 3 11
6 16 15
16 19 7
1 9 6
6 11 20
6 11 20
2 18 7
16 10 3
14 19 8
7 9 2
5 16 8
9 8 14
5 2 8
20 3 8
11 6 20
3 13 16
13 9 2
6 15 16
7 16 19
15 7 20
1 17 20
4 15 6
11 10 9
11 10 5
5 2 8
8 16 5
6 9 1
5 11 10
20 12 9
13 2 9
14 9 8
15 6 16
7 7 17
13 5 15
20 1 17
16 3 13
7 17 7
20 11 9
10 3 16
15 13 13
7 7 17
1 14 8
18 7 2
16 7 19
7 18 2
9 20 11
9 20 11
2 12 3
9 14 6
3 16 19
19 16 7
3 16 13
5 8 16
16 3 19
9 2 7
16 10 3
7 17 7
19 3 16
6 16 15
12 16 8
9 20 10
5 8 2
10 5 11
16 3 13
13 9 2
17 14 20
3 16 13
9 10 16
10 16 9
16 3 13
5 13 15
16 5 8
13 5 15
9 20 12
10 3 16
14 16 13
3 16 13
6 9 14
20 17 14
2 12 3
7 17 7
19 6 8
16 19 7
12 13 2
3 20 6
10 16 9
19 14 8
14 16 13
11 9 2
8 3 20
13 9 2
14 1 8
17 20 1
13 5 15
14 16 13
7 17 7
16 3 13
8 2 5
3 8 20
17 1 20
13 1 7
11 10 5
1 20 17
11 9 3
6 20 11
7 16 19
17 7 7
9 13 2
12 16 8
9 11 20
7 17 7
7 16 19
3 16 13
14 6 9
10 5 11
19 7 16
19 7 16
15 5 13
2 13 12
7 1 13
6 8 3
2 7 18
12 8 16
20 1 17
16 13 14
3 2 12
20 11 9
2 9 13
16 10 17
8 14 19
7 16 19
2 13 12
17 7 7
7 19 16
11 9 10
7 17 7
16 3 13
3 8 20
16 19 7
13 2 12
8 5 2
11 5 10
11 10 9
13 15 5
14 17 20
17 7 7
11 20 6
8 20 3
1 13 7
8 2 5
8 1 14
20 3 8
17 7 7
5 10 11
9 12 20
13 7 1
16 19 15
1 13 7
9 11 10
16 13 3
7 20 15
11 6 20
2 11 9
9 13 2
7 17 7
20 6 11
3 2 12
2 9 11
9 20 12
7 9 2
8 20 3
13 13 15
20 8 3
11 20 6
3 9 11
6 10 11
9 20 12
17 20 1
1 12 14
13 2 9
1 14 8
10 16 9
18 2 7
8 19 6
15 7 20
4 6 15
2 9 13
13 15 13
12 16 8
7 1 13
18 2 7
18 9 6
20 3 8
9 2 7
10 9 11
9 12 20
12 9 20
9 2 7
13 16 3
8 12 16
9 2 7
8 2 5
16 7 19
7 9 2
3 11 9
5 10 11
16 15 6
9 6 14
15 6 4
7 7 17
14 19 8
20 1 17
17 20 14
8 3 20
2 18 7
7 13 1
12 9 20
7 17 7
2 7 9
4 15 6
13 12 2
2 12 13
3 2 12
5 2 8
5 15 13
20 9 12
15 6 16
6 16 15
15 13 13
10 11 9
15 4 6
9 11 3
13 2 12
14 8 1
8 19 14
16 8 5
3 20 8
13 5 15
16 12 8
3 6 8
17 20 1
2 9 11
19 16 7
10 5 11
12 9 20
14 13 16
10 16 3
14 8 19
2 5 8
11 10 5
6 15 4
16 13 3
13 1 7
20 8 3
19 16 7
9 20 10
9 2 7
20 6 11
9 2 13
10 9 20
9 2 13
20 1 17
1 17 20
13 15 13
6 9 1
20 10 9
17 20 1
5 2 8
6 15 4
13 9 2
3 2 12
2 18 7
2 5 8
12 8 16
10 11 6
20 15 7
15 7 20
10 11 9
20 11 6
3 8 20
13 3 16
7 13 1
16 19 7
17 7 7
8 16 12
16 12 8
2 13 9
8 12 16
5 2 8
9 3 11
18 2 7
15 13 13
15 4 6
13 2 12
3 6 20
8 6 19
11 9 3
19 16 15
11 10 9
13 14 16
17 14 20
16 8 5
19 16 7
19 16 7
20 17 1
12 2 3
9 12 20
7 16 19
5 15 13
20 12 9
4 6 15
2 9 11
3 16 19
15 6 4
13 7 1
9 3 11
9 1 6
6 15 16
16 13 14
20 9 12
20 17 1
18 7 2
9 16 10
7 9 2
16 8 5
17 7 7
12 13 2
8 20 3
12 16 8
6 9 14
20 9 12
5 8 16
1 7 13
13 2 9
16 15 8
12 16 8
10 9 11
12 20 9
10 11 9
19 8 14
2 13 9
6 16 15
20 7 15
13 13 15
7 17 7
5 10 11
6 1 9
1 7 13
14 17 20
9 2 7
7 15 20
1 14 12
20 11 9
6 16 15
2 13 9
20 8 3
20 3 6
15 13 5
20 3 8
17 20 14
9 7 2
8 19 6
20 11 6
2 9 13
13 3 16
7 19 16
20 7 15
3 20 6
15 20 7
4 16 4
1 14 8
16 19 7
14 8 9
6 15 16
8 2 5
14 8 19
3 9 11
10 9 16
10 16 3
8 9 14
13 5 15
11 10 5
4 6 15
9 10 16
7 7 17
20 14 17
20 14 17
18 7 2
20 8 3
6 20 3
16 15 6
13 9 2
11 9 2
13 16 14
4 15 6
6 10 11
1 9 6
7 2 9
2 11 9
17 14 20
13 3 16
16 13 3
15 6 16
4 15 6
6 8 3
6 20 11
3 6 8
9 10 11
8 16 5
10 6 11
13 9 2
20 3 8
8 9 14
4 16 4
1 14 8
5 10 11
18 7 2
2 13 9
8 1 14
15 13 13
6 19 8
10 9 11
19 16 7
5 2 8
5 8 16
7 17 7
9 7 2
13 13 15
8 20 3
8 16 12
7 17 7
5 8 16
7 15 20
3 6 8
7 2 9
16 19 7
16 8 5
19 3 16
2 13 12
8 19 14
1 8 14
13 12 2
14 20 17
2 7 18
1 20 17
20 6 11
20 1 17
8 6 3
5 15 13
10 3 16
3 16 19
13 13 15
20 3 8
9 8 14
8 14 9
8 12 16
5 15 13
12 2 3
20 14 17
12 13 2
10 16 3
6 4 15
6 4 15
4 6 15
3 20 6
14 16 13
7 15 20
9 12 20
9 12 20
20 9 12
8 3 6
20 1 17
16 19 7
9 10 11
3 8 20
13 16 14
8 20 3
5 10 11
3 10 16
8 9 14
3 9 11
7 19 16
15 7 20
13 12 2
7 20 15
2 12 13
9 2 11
13 14 16
7 1 13
16 5 8
16 3 13
9 2 11
5 8 2
16 14 13
8 16 5
11 3 9
16 3 10
13 2 12
11 10 5
9 13 2
16 13 3
10 9 20
5 8 2
20 6 11
14 8 9
12 20 9
9 7 2
14 20 17
8 20 3
14 12 1
20 17 14
20 12 9
16 14 13
14 8 1
2 7 9
17 20 1
7 17 7
16 8 5
17 20 1
1 13 7
10 9 20
13 2 12
16 10 9
13 16 3
14 9 8
6 15 4
9 2 7
6 8 19
6 16 15
1 6 9
6 3 8
12 20 9
15 13 13
3 11 9
10 6 11
2 13 12
12 8 16
14 6 9
9 2 7
4 15 6
1 6 9
15 6 4
2 9 7
16 3 13
19 16 7
2 13 12
6 20 11
7 9 2
20 1 17
8 3 6
9 20 12
2 13 9
6 1 9
16 10 3
3 2 12
9 12 20
13 16 3
13 12 2
17 7 7
8 12 16
1 14 8
6 11 20
4 15 6
13 14 16
2 13 9
3 2 12
1 14 12
11 3 9
20 9 12
2 5 8
8 14 9
17 7 7
2 7 9
14 12 1
13 12 2
14 19 8
9 20 12
12 8 16
20 6 11
16 9 10
20 14 17
3 11 9
2 7 9
10 9 20
10 9 11
1 6 9
14 13 16
10 11 9
9 12 20
7 20 15
1 9 6
2 8 5
12 2 3
1 20 17
2 3 12
2 13 9
12 16 8
18 2 7
7 19 16
5 15 13
15 5 13
5 8 2
13 2 9
20 8 3
3 8 20
7 7 17
7 7 17
15 13 5
14 13 16
14 9 6
13 16 14
1 17 20
5 16 8
1 13 7
17 7 7
15 19 16
13 1 7
20 9 10
15 6 16
2 13 12
10 11 5
3 11 9
3 10 16
8 16 12
20 7 15
16 8 15
16 10 3
13 14 16
5 8 16
2 7 18
11 5 10
15 13 5
9 7 2
16 12 8
5 8 16
16 19 7
16 14 13
13 1 7
6 3 8
5 11 10
12 1 14
17 20 14
16 10 3
14 16 13
13 2 9
16 13 14
16 13 3
1 17 20
14 16 13
7 13 1
3 6 8
11 20 6
20 1 17
14 16 13
13 5 15
7 20 15
14 8 9
19 16 3
20 3 8
13 16 3
6 15 4
4 4 16
2 12 3
20 14 17
2 9 7
19 7 16
16 8 12
12 2 13
16 14 13
7 17 7
12 2 3
13 3 16
16 3 13
12 20 9
10 11 5
13 3 16
3 8 20
6 3 8
5 8 16
6 4 15
12 9 20
6 8 19
15 5 13
7 7 17
15 19 16
9 10 11
9 7 2
3 9 11
17 7 7
12 9 20
20 14 17
8 12 16
8 16 5
19 14 8
16 19 7
3 10 16
16 19 7
3 11 9
8 20 3
14 19 8
6 3 8
17 1 20
13 16 3
20 9 12
14 1 12
3 8 20
8 5 2
9 10 20
8 5 2
16 8 12
4 15 6
1 20 17
14 13 16
9 3 11
4 4 16
13 5 15
6 19 8
17 20 14
9 2 7
8 19 6
10 16 9
19 7 16
9 7 2
14 17 20
16 13 14
14 8 1
10 5 11
20 8 3
16 10 3
3 16 10
16 3 10
17 14 20
1 13 7
14 17 20
11 2 9
20 14 17
6 1 9
1 20 17
16 8 5
10 11 9
8 3 6
7 1 13
12 2 13
10 16 3
20 9 12
20 11 9
1 7 13
16 14 13
20 6 11
2 12 3
5 10 11
12 8 16
9 10 11
4 4 16
4 15 6
7 19 16
2 13 9
15 20 7
15 13 13
17 14 20
3 20 8
3 8 6
8 16 12
16 6 15
3 13 16
7 15 20
10 3 16
7 7 17
13 13 15
20 3 8
10 16 17
16 10 3
15 13 13
14 9 6
2 13 12
6 15 16
16 13 14
14 8 1
9 13 2
8 9 14
3 11 9
12 16 8
4 15 6
16 13 3
5 8 2
6 9 14
14 8 1
6 3 8
7 7 17
9 11 3
9 11 3
13 15 13
16 19 7
19 8 6
15 5 13
5 8 16
20 9 10
3 9 11
5 10 11
17 1 20
10 11 5
5 15 13
14 16 13
18 9 6
20 7 15
17 7 7
12 20 9
1 1
2 4 3
2 3 4
2 6
3 1 3
7 4 7
10 8 2
2 8 10
6 2 9
7 7 4
6 2 9
1 1
3 3 3
1 1 1
2 3
1 1 2
2 1 1
1 2 1
1 1 1
2 3
1 1 2
3 1 1
1 3 1
1 1 1
1 3
1 1 2
3 1 1
1 3 1
1 1 1
3 3
1 1 2
3 1 1
1 3 1
1 1 1
10000 3
1 1 2
3 1 1
1 3 1
1 1 1
1 1
10 11 12
11 10 12
2 6
1 6 5
5 5 3
7 1 8
5 6 1
6 5 1
5 3 5
5 1 6
1 6
10 10 10
3 3 5
5 3 5
5 3 5
5 3 5
1 3 9
3 5 3
3 10
1 2 5
6 5 8
2 6 5
8 4 7
8 5 6
6 2 5
6 2 5
8 4 7
8 4 7
6 4 5
5 2 6
3 10
4 4 2
2 4 4
4 4 2
2 4 4
3 5 1
7 6 7
5 4 4
7 7 6
4 5 4
4 4 5
4 4 2
5 45
4 2 6
10 6 3
9 4 4
1 8 2
7 4 6
6 4 7
10 3 6
8 1 2
9 1 7
1 7 9
2 7 8
7 2 8
8 2 1
6 7 4
2 1 8
6 3 10
1 9 7
7 1 4
6 3 10
8 1 2
2 8 7
3 6 10
8 6 3
3 8 6
9 7 1
7 9 1
8 3 6
2 8 7
9 1 7
4 7 1
2 8 1
1 8 2
7 8 2
10 3 9
10 6 3
9 1 7
8 2 7
4 1 7
8 6 3
7 9 1
4 6 7
9 1 7
2 8 1
8 7 2
8 3 6
9 10 3
19 190
5 12 46
46 12 5
138 4 9
179 7 7
13 6 16
46 5 12
32 15 14
11 16 31
1 50 5
184 6 18
5 50 1
11 64 3
17 19 64
4 19 16
20 17 156
32 14 15
20 2 51
7 179 7
51 20 2
5 50 1
17 156 20
11 64 3
19 4 16
12 12 109
179 7 7
10 18 159
16 6 13
109 12 12
11 3 64
109 12 12
1 50 5
6 18 184
4 19 16
156 17 20
2 12 15
5 12 46
29 1 19
3 64 11
11 64 3
7 179 7
20 17 156
6 18 184
7 7 179
17 15 182
50 1 5
46 5 12
159 10 18
18 10 159
109 12 12
16 19 4
19 1 29
16 6 13
12 5 46
19 16 4
16 13 6
10 18 159
50 1 5
15 12 2
16 4 19
46 12 5
156 20 17
7 179 7
1 50 5
5 50 1
12 2 15
50 1 5
7 179 7
109 12 12
46 12 5
19 29 1
11 64 3
2 15 12
7 179 7
11 31 16
11 16 31
1 5 50
12 109 12
4 138 9
11 31 16
11 31 16
15 17 182
5 1 50
16 4 19
109 12 12
182 17 15
1 19 29
17 182 15
19 16 4
19 29 1
6 18 184
50 1 5
64 19 17
31 16 11
64 17 19
12 5 46
2 15 12
20 156 17
7 7 179
9 4 138
64 19 17
50 1 5
46 5 12
16 6 13
16 6 13
46 5 12
7 7 179
5 12 46
109 12 12
6 13 16
12 109 12
10 18 159
18 159 10
12 12 109
2 15 12
17 20 156
13 6 16
18 184 6
12 5 46
19 29 1
18 159 10
7 7 179
4 9 138
13 16 6
19 29 1
12 5 46
13 6 16
179 7 7
18 6 184
109 12 12
16 6 13
16 13 6
5 46 12
20 17 156
12 15 2
7 7 179
179 7 7
3 11 64
2 15 12
64 3 11
16 19 4
31 11 16
15 2 12
18 159 10
18 6 184
109 12 12
31 16 11
18 159 10
17 182 15
19 4 16
31 16 11
7 179 7
19 16 4
11 11 162
12 46 5
5 12 46
10 159 18
12 12 109
156 17 20
156 17 20
64 17 19
50 5 1
7 7 179
2 15 12
12 2 15
109 12 12
31 11 16
11 31 16
12 15 2
10 159 18
2 12 15
16 13 6
5 12 46
109 12 12
18 10 159
17 64 19
5 50 1
11 64 3
12 12 109
179 7 7
7 7 179
32 14 15
46 12 5
159 10 18
2 12 15
11 16 31
46 5 12
12 109 12
50 5 1
15 12 2
13 6 16
6 184 18
20 190
5 12 46
46 12 5
138 4 9
179 7 7
13 6 16
46 5 12
32 15 14
11 16 31
1 50 5
184 6 18
5 50 1
11 64 3
17 19 64
4 19 16
20 17 156
32 14 15
20 2 51
7 179 7
51 20 2
5 50 1
17 156 20
11 64 3
19 4 16
12 12 109
179 7 7
10 18 159
16 6 13
109 12 12
11 3 64
109 12 12
1 50 5
6 18 184
4 19 16
156 17 20
2 12 15
5 12 46
29 1 19
3 64 11
11 64 3
7 179 7
20 17 156
6 18 184
7 7 179
17 15 182
50 1 5
46 5 12
159 10 18
18 10 159
109 12 12
16 19 4
19 1 29
16 6 13
12 5 46
19 16 4
16 13 6
10 18 159
50 1 5
15 12 2
16 4 19
46 12 5
156 20 17
7 179 7
1 50 5
5 50 1
12 2 15
50 1 5
7 179 7
109 12 12
46 12 5
19 29 1
11 64 3
2 15 12
7 179 7
11 31 16
11 16 31
1 5 50
12 109 12
4 138 9
11 31 16
11 31 16
15 17 182
5 1 50
16 4 19
109 12 12
182 17 15
1 19 29
17 182 15
19 16 4
19 29 1
6 18 184
50 1 5
64 19 17
31 16 11
64 17 19
12 5 46
2 15 12
20 156 17
7 7 179
9 4 138
64 19 17
50 1 5
46 5 12
16 6 13
16 6 13
46 5 12
7 7 179
5 12 46
109 12 12
6 13 16
12 109 12
10 18 159
18 159 10
12 12 109
2 15 12
17 20 156
13 6 16
18 184 6
12 5 46
19 29 1
18 159 10
7 7 179
4 9 138
13 16 6
19 29 1
12 5 46
13 6 16
179 7 7
18 6 184
109 12 12
16 6 13
16 13 6
5 46 12
20 17 156
12 15 2
7 7 179
179 7 7
3 11 64
2 15 12
64 3 11
16 19 4
31 11 16
15 2 12
18 159 10
18 6 184
109 12 12
31 16 11
18 159 10
17 182 15
19 4 16
31 16 11
7 179 7
19 16 4
11 11 162
12 46 5
5 12 46
10 159 18
12 12 109
156 17 20
156 17 20
64 17 19
50 5 1
7 7 179
2 15 12
12 2 15
109 12 12
31 11 16
11 31 16
12 15 2
10 159 18
2 12 15
16 13 6
5 12 46
109 12 12
18 10 159
17 64 19
5 50 1
11 64 3
12 12 109
179 7 7
7 7 179
32 14 15
46 12 5
159 10 18
2 12 15
11 16 31
46 5 12
12 109 12
50 5 1
15 12 2
13 6 16
6 184 18
5 190
13 6 10
5 8 19
18 16 14
19 5 8
6 10 20
8 5 19
3 14 6
19 5 8
19 20 7
3 9 12
9 3 12
8 19 5
2 8 14
3 18 3
6 19 11
6 10 20
3 12 9
11 18 9
14 20 1
2 8 14
14 3 6
6 3 14
19 20 7
10 16 6
18 14 16
11 18 9
16 9 11
11 18 9
11 11 20
17 2 13
3 12 9
14 18 16
17 13 2
2 14 8
14 18 16
8 19 5
11 20 11
2 13 17
17 13 2
2 8 14
11 16 9
11 5 18
20 10 6
16 6 10
16 10 6
11 20 11
14 3 6
19 7 20
9 3 12
11 6 19
6 3 14
3 3 18
6 14 3
11 18 9
6 11 19
8 14 2
16 7 10
2 17 13
20 11 11
2 14 8
1 14 20
16 6 10
6 3 14
13 2 17
12 9 3
18 11 9
3 6 14
14 18 16
17 2 13
6 10 16
19 6 11
20 6 10
3 18 3
20 7 19
6 16 10
3 18 3
18 3 3
3 9 12
3 12 9
6 3 14
10 6 20
10 16 6
11 5 18
13 2 17
8 2 14
9 11 18
19 7 20
20 11 11
20 11 11
20 7 19
7 10 16
11 11 20
2 8 14
2 14 8
11 6 19
9 11 18
3 9 12
14 18 16
16 14 18
5 19 8
12 9 3
19 20 7
3 9 12
5 8 19
20 19 7
6 11 19
18 11 5
10 16 6
17 6 5
19 6 11
20 7 19
10 6 20
20 19 6
18 5 11
3 3 18
11 9 18
20 11 11
7 10 16
1 20 14
1 20 14
17 13 2
6 19 11
17 13 2
5 18 11
20 19 7
13 2 17
10 6 16
20 6 10
13 2 17
3 18 3
16 14 18
11 11 20
17 2 13
3 3 18
17 13 2
12 3 9
5 11 18
20 7 19
3 3 18
6 16 10
20 11 11
13 2 17
10 16 6
20 7 19
13 2 17
2 17 13
12 9 3
11 19 6
6 14 3
11 20 11
11 20 11
14 18 16
6 16 10
18 16 14
14 3 6
17 2 13
20 7 19
20 11 11
11 11 20
7 20 19
6 14 3
10 7 16
18 3 3
19 11 6
18 14 16
14 2 8
9 12 3
2 13 17
10 6 16
2 8 14
19 8 5
11 20 11
19 20 6
12 9 3
14 6 3
3 9 12
19 20 7
7 20 19
14 8 2
20 19 7
3 14 6
11 11 20
20 6 19
6 10 16
7 10 16
16 18 14
18 14 16
11 20 11
20 11 11
14 3 6
11 6 19
49 1225
13 10 11
18 16 12
13 19 13
20 19 3
10 14 17
18 5 12
11 10 14
1 5 1
2 5 3
13 8 16
10 1 13
9 11 10
15 16 1
12 7 13
15 5 20
3 5 2
17 14 10
12 6 8
11 4 16
17 12 12
7 13 6
18 11 12
14 8 1
13 20 3
12 6 8
9 5 18
12 11 17
14 13 20
6 8 12
3 20 13
1 15 18
20 3 13
12 12 17
11 10 13
16 11 4
10 11 9
8 9 13
10 13 11
13 19 13
7 1 7
13 10 11
10 11 18
13 11 10
17 11 12
11 10 18
20 13 14
15 1 16
15 15 20
10 11 14
20 4 5
20 13 14
4 18 2
1 1 5
2 18 4
5 9 18
2 15 18
7 15 10
8 13 9
1 13 10
18 12 11
15 16 1
10 1 13
6 8 12
5 9 18
11 4 16
7 7 1
9 13 8
19 14 14
19 13 13
6 7 13
11 12 17
11 10 18
18 10 12
16 4 11
20 15 5
7 1 7
9 13 8
13 6 7
7 1 11
5 13 8
14 14 19
15 10 7
7 6 13
12 12 17
12 17 12
12 18 10
16 4 11
3 13 20
12 12 17
10 11 9
10 11 14
12 6 5
4 11 16
12 17 11
12 17 11
14 10 11
12 13 7
17 12 11
17 12 12
7 13 12
1 8 14
9 8 13
14 17 10
20 13 14
11 17 12
17 12 12
1 16 15
11 11 3
14 8 1
20 4 5
13 13 19
4 5 20
1 7 7
15 18 1
10 11 13
1 13 10
6 8 5
11 10 13
11 11 3
1 7 7
11 4 16
16 11 4
6 11 6
2 4 18
17 14 10
6 7 13
10 17 14
12 11 18
14 11 10
12 18 16
12 16 18
17 12 11
18 4 2
10 11 14
7 12 13
15 1 16
10 11 14
15 20 15
8 1 14
18 16 12
16 15 1
14 11 10
13 16 8
8 1 14
11 11 3
7 1 7
5 5 6
5 2 3
12 17 12
19 14 14
14 14 19
8 16 13
12 16 18
4 2 18
12 8 6
6 5 8
6 11 6
7 7 1
1 16 15
17 14 10
17 11 12
10 13 1
9 8 13
10 1 13
5 15 20
10 18 12
16 15 1
9 5 18
18 10 12
13 19 13
5 3 2
10 11 13
10 11 13
12 10 18
3 13 20
10 11 14
7 1 2
3 19 20
11 4 16
10 11 18
7 12 13
13 16 8
4 13 1
15 10 7
13 20 3
15 5 20
2 18 4
10 14 17
5 8 6
17 12 11
11 16 4
7 9 10
1 7 7
13 1 10
14 11 10
15 7 10
13 13 19
16 15 1
13 11 10
16 13 8
5 6 5
5 8 13
6 12 5
12 16 18
1 7 11
3 13 20
11 17 12
17 12 11
11 18 12
11 17 12
13 20 14
7 7 1
9 11 10
8 16 13
12 17 11
18 1 15
8 13 9
5 15 20
13 9 8
2 19 16
15 7 10
1 15 18
3 20 13
6 13 7
7 6 13
2 18 4
6 8 12
7 6 13
13 20 3
6 8 5
20 5 4
16 4 11
4 5 20
7 6 13
12 17 12
17 12 12
5 18 9
6 8 12
11 10 9
1 13 10
10 14 17
14 14 19
12 11 17
14 1 8
9 8 13
16 4 11
11 18 12
20 15 5
17 11 12
18 12 16
4 16 5
11 13 10
1 15 18
1 5 1
15 5 20
11 14 10
12 6 8
13 10 1
17 11 12
17 14 10
12 17 12
19 13 13
6 5 5
14 19 14
7 15 10
5 20 15
12 18 10
1 10 13
5 2 3
14 1 8
13 10 1
9 18 5
12 11 18
18 12 10
10 18 12
10 17 14
20 4 5
10 9 11
14 17 10
13 20 14
10 17 14
15 16 1
11 14 10
7 1 2
4 20 5
17 12 12
5 2 3
11 18 10
9 18 5
2 3 5
16 1 15
11 18 12
12 7 13
19 13 13
1 16 15
12 16 18
14 10 17
16 15 1
15 1 18
5 12 6
2 5 3
11 4 16
12 18 10
15 20 5
14 10 17
11 17 12
16 15 1
9 11 10
13 6 7
17 12 11
14 19 14
6 6 11
6 8 5
9 18 5
5 9 18
14 11 10
10 13 11
16 15 1
15 18 1
3 11 11
18 12 16
14 14 19
18 9 5
13 5 8
6 13 7
11 14 10
13 7 6
8 13 9
13 20 3
17 10 14
11 17 12
10 7 15
3 2 5
12 10 18
8 13 9
11 10 13
12 11 18
17 14 10
7 2 1
13 7 6
12 17 11
10 17 14
16 12 18
4 20 5
3 20 13
17 14 10
5 8 6
1 1 5
8 6 5
5 20 15
5 20 15
2 3 5
13 10 11
7 13 12
7 7 1
12 17 12
8 12 6
18 10 12
18 15 2
16 13 8
3 19 20
15 1 16
3 5 2
9 11 10
17 12 12
11 10 13
15 20 5
3 5 2
12 18 16
2 1 2
8 9 13
10 13 11
10 1 13
9 11 10
10 17 14
1 18 15
1 18 15
20 3 13
9 11 10
13 9 8
20 5 4
10 11 13
20 3 19
6 5 5
4 5 20
13 20 3
3 5 2
15 1 16
16 12 18
17 14 10
10 9 11
1 7 7
14 8 1
14 1 8
13 8 16
9 13 8
1 7 7
4 2 18
3 20 13
11 18 12
15 20 15
10 9 11
16 4 11
2 5 3
10 13 1
4 2 18
6 6 11
10 13 11
5 3 2
10 13 11
11 12 17
18 4 2
12 6 8
5 18 9
12 16 18
16 15 1
9 11 10
14 11 10
9 11 10
12 8 6
13 10 11
9 13 8
16 12 18
2 4 18
2 15 18
3 2 5
14 10 11
16 8 13
11 10 14
18 5 9
1 18 15
19 3 20
18 2 4
12 17 12
15 7 10
10 14 17
19 14 14
13 10 11
17 12 11
7 13 6
17 14 10
10 14 11
11 13 10
11 10 13
17 10 14
13 1 10
10 11 18
1 16 15
3 5 2
16 1 15
4 16 11
13 1 10
16 1 15
10 13 11
12 12 17
19 14 14
5 12 18
5 4 20
9 5 18
8 1 14
12 18 11
12 12 17
5 18 12
11 10 14
14 20 13
10 11 14
5 1 1
18 5 9
20 13 14
11 1 7
10 13 11
10 14 11
18 10 12
10 18 11
13 16 8
12 10 18
13 10 1
8 13 9
9 8 13
7 6 13
1 8 14
6 11 6
5 6 12
12 12 17
18 15 2
13 8 5
5 20 15
9 10 11
12 18 16
2 4 18
11 13 10
15 5 20
7 1 7
9 10 11
15 10 7
8 13 5
18 2 4
7 13 12
5 2 3
6 6 11
18 5 9
8 14 1
14 10 11
4 16 11
4 2 18
5 3 2
1 16 15
12 17 12
7 6 13
13 10 11
3 20 19
17 14 10
12 7 13
2 7 1
18 5 9
12 6 5
7 1 7
20 15 5
10 13 1
19 13 13
8 13 9
16 8 13
12 18 11
13 20 14
5 3 2
20 3 13
11 11 3
19 13 13
11 10 14
7 13 6
10 14 11
11 10 14
14 20 13
10 1 13
12 18 10
12 12 17
6 6 11
1 7 7
13 1 10
14 19 14
1 1 5
7 1 7
17 14 10
16 13 8
1 8 14
11 6 6
10 14 17
12 6 8
4 16 11
13 8 5
14 20 13
16 12 18
17 12 11
13 14 20
16 13 8
11 6 6
8 13 9
2 7 1
9 13 8
17 12 11
14 14 19
13 14 20
3 20 13
3 20 13
9 13 8
13 8 16
1 7 7
3 13 20
8 1 14
12 18 10
13 10 11
6 5 5
8 13 16
12 6 8
20 14 13
12 5 6
7 7 1
20 3 13
8 5 6
14 11 10
12 18 10
16 13 8
17 10 14
16 15 1
11 10 14
13 14 20
15 5 20
2 1 2
1 7 7
10 14 17
13 8 16
17 11 12
13 16 8
5 18 9
6 6 11
13 8 9
11 4 16
8 13 9
11 12 17
6 13 7
20 14 13
20 4 5
18 2 4
1 7 7
10 18 12
18 2 4
10 12 18
15 10 7
16 11 4
19 20 3
12 18 16
1 15 18
10 14 17
12 12 17
16 1 15
14 1 8
14 11 10
11 7 1
10 12 18
3 20 13
10 11 13
17 12 12
1 15 18
11 10 14
14 19 14
7 2 1
13 10 1
9 18 5
7 6 13
7 7 1
12 13 7
18 9 5
18 9 5
13 5 8
6 8 12
1 13 10
14 14 19
13 20 14
5 4 20
6 8 5
13 6 7
20 13 3
13 19 13
16 13 8
15 20 5
1 18 15
12 12 17
13 10 1
3 5 2
13 8 9
4 20 5
2 15 18
2 3 5
20 14 13
20 14 13
2 1 2
10 1 13
18 12 11
1 16 15
12 10 18
15 16 1
11 12 18
1 2 2
10 14 11
13 10 11
14 17 10
20 14 13
7 13 6
9 5 18
2 1 7
11 6 6
8 13 9
9 10 11
14 14 19
13 10 1
11 10 14
5 9 18
13 6 7
15 15 20
14 11 10
10 12 18
11 10 9
1 13 10
13 19 13
14 17 10
7 13 12
10 12 18
6 7 13
8 6 12
18 4 2
20 5 4
13 11 10
6 8 12
3 11 11
10 11 18
13 13 19
18 2 4
12 10 18
13 13 19
19 3 20
17 12 12
8 9 13
9 10 11
5 3 2
12 12 17
17 12 12
12 17 11
18 16 12
4 16 11
8 13 5
7 6 13
13 8 16
10 9 11
18 5 9
3 2 5
13 7 6
5 9 18
5 1 1
10 7 15
8 13 16
10 11 18
12 17 12
20 5 15
2 4 18
13 7 6
20 14 13
5 20 4
13 10 11
2 1 7
19 13 13
2 18 4
13 7 12
11 12 18
6 8 12
7 13 6
13 8 9
12 18 10
12 18 16
7 15 10
19 14 14
9 18 5
13 16 8
5 8 13
13 11 10
13 13 19
3 11 11
13 20 3
19 13 13
19 13 13
3 5 2
16 11 4
7 1 7
13 13 19
13 10 11
12 18 16
16 18 12
13 11 10
5 8 13
8 5 13
6 11 6
5 1 1
10 11 13
12 18 10
20 5 4
15 20 15
5 6 12
19 13 13
7 13 6
1 7 7
12 11 17
13 6 7
8 12 6
9 11 10
16 8 13
8 5 6
16 4 11
8 13 5
10 11 18
4 2 18
1 11 7
2 7 1
19 3 20
12 18 16
18 10 12
20 15 15
11 13 10
16 1 15
10 13 11
20 13 14
5 20 4
5 8 13
13 12 7
14 19 14
18 5 9
1 15 18
11 12 17
2 2 1
11 10 14
7 6 13
18 1 15
7 12 13
14 14 19
17 12 12
15 20 5
8 13 5
5 9 18
10 12 18
12 18 5
8 13 5
14 11 10
17 12 11
1 7 7
2 3 5
13 19 13
15 15 20
10 11 14
13 8 5
11 14 10
6 12 8
10 11 14
5 8 13
11 14 10
10 12 18
4 16 11
12 8 6
7 7 1
1 15 16
9 13 8
10 13 1
14 10 11
16 12 18
9 10 11
16 18 12
19 14 14
14 11 10
13 1 10
12 17 12
13 3 20
13 10 1
17 12 11
15 1 18
15 7 10
8 13 16
8 6 5
18 10 12
14 13 20
5 3 2
8 13 16
12 6 8
4 16 11
6 11 6
15 20 15
14 1 8
14 8 1
10 1 13
17 10 14
17 12 11
2 2 1
3 13 20
10 13 1
15 15 20
12 7 13
6 7 13
7 6 13
12 8 6
13 6 7
3 5 2
16 11 4
20 3 13
5 20 4
8 13 16
1 2 2
14 17 10
5 6 8
8 13 9
10 13 1
20 4 5
14 14 19
4 20 5
6 13 7
5 3 2
7 1 7
8 13 16
9 11 10
20 14 13
15 10 7
13 8 9
3 11 11
11 11 3
5 18 9
14 14 19
18 12 10
20 3 13
6 7 13
8 16 13
17 11 12
2 15 18
18 9 5
8 5 13
13 10 11
11 12 17
7 6 13
10 1 13
13 8 5
13 11 10
5 8 13
12 17 12
12 8 6
20 15 15
18 2 15
5 20 15
10 14 17
1 15 16
13 19 13
10 14 11
11 11 3
19 14 14
3 20 13
12 8 6
10 18 11
13 16 8
15 20 15
8 13 9
19 14 14
18 2 4
19 14 14
12 17 12
11 7 1
9 10 11
14 14 19
6 8 12
1 2 7
2 4 18
12 17 12
5 15 20
13 8 16
11 7 1
10 18 12
8 1 14
12 10 18
5 20 15
4 18 2
5 9 18
19 14 14
5 13 8
1 4 13
13 10 11
18 12 5
14 19 14
11 11 3
15 18 1
6 8 5
2 2 1
20 3 13
12 12 17
12 8 6
14 14 19
4 16 11
14 14 19
1 7 7
14 13 20
11 1 7
9 5 18
10 14 11
18 10 11
13 11 10
15 2 18
2 1 2
11 16 4
12 11 18
5 20 4
18 16 12
12 10 18
15 18 2
13 8 9
14 14 19
15 1 16
13 7 6
18 12 16
19 13 13
18 12 10
10 13 1
15 10 7
17 11 12
14 11 10
3 11 11
15 7 10
13 8 16
6 6 11
17 12 12
4 2 18
17 14 10
13 10 11
8 13 16
12 18 10
1 18 15
11 10 18
18 1 15
1 2 2
19 14 14
10 12 18
13 1 10
11 18 12
17 12 12
6 5 5
19 20 3
20 13 3
14 19 14
10 11 9
20 5 15
1 4 13
18 12 16
12 18 10
15 5 20
7 1 7
1 7 7
10 13 11
13 16 8
1 7 7
6 8 12
20 5 4
11 3 11
7 7 1
1 2 7
1 2 7
5 15 20
15 15 20
5 15 20
17 11 12
12 13 7
4 18 2
8 9 13
19 14 14
13 8 5
7 7 1
1 15 16
14 14 19
5 9 18
1 10 13
13 14 20
3 2 5
15 20 15
7 7 1
3 20 13
9 18 5
10 17 14
15 18 1
9 13 8
12 12 17
20 3 13
7 13 6
8 14 1
6 11 6
13 10 1
12 11 17
13 13 19
13 10 1
15 15 20
10 17 14
2 15 18
8 5 13
20 14 13
12 17 12
12 17 12
14 14 19
8 13 16
16 18 12
15 18 1
2 3 5
11 6 6
16 18 12
12 6 8
7 2 1
12 12 17
10 12 18
12 16 18
18 5 9
12 17 12
10 11 13
8 13 16
1 10 13
11 13 10
6 6 11
14 20 13
5 13 8
12 16 18
5 9 18
17 10 14
13 14 20
12 17 12
7 11 1
5 20 15
3 20 13
9 5 18
17 12 12
9 18 5
5 16 4
17 10 14
10 12 18
9 10 11
17 14 10
12 12 17
9 8 13
18 5 9
1 7 7
1 15 16
2 5 3
9 10 7
8 13 9
16 18 12
15 20 15
12 16 18
8 14 1
7 7 1
13 10 1
17 11 12
1 2 2
8 14 1
14 19 14
18 12 10
10 14 11
10 11 13
4 11 16
19 20 3
12 12 17
18 5 9
8 13 9
18 5 9
18 15 1
12 11 17
11 12 17
10 11 18
13 3 20
13 7 6
10 13 11
7 1 2
11 10 14
9 5 18
5 15 20
20 13 14
19 13 13
10 15 7
10 7 15
7 1 7
18 10 11
14 19 14
14 10 17
10 9 11
6 8 5
18 12 16
17 10 14
17 12 12
11 16 4
7 10 15
6 11 6
12 18 11
5 3 2
13 16 8
1 10 13
7 15 10
17 10 14
15 20 5
11 17 12
14 13 20
17 12 12
18 10 12
15 20 5
1 15 16
18 12 10
10 9 11
18 11 12
3 5 2
10 14 17
18 12 10
10 13 11
15 1 16
9 8 13
14 19 14
16 1 15
14 14 19
19 13 13
18 10 11
7 2 1
16 12 18
7 13 12
4 5 20
12 12 17
11 10 14
7 10 9
7 1 2
13 12 7
7 10 15
6 7 13
8 13 16
13 8 9
11 18 12
15 20 5
4 11 16
13 7 12
1 15 16
10 9 7
17 14 10
13 6 7
10 13 11
7 13 6
8 13 16
6 7 13
1 10 13
12 17 11
10 15 7
19 20 3
11 14 10
5 8 13
12 11 17
18 10 12
12 8 6
15 1 18
1 15 16
13 14 20
14 14 19
1 13 10
12 12 17
18 10 12
11 18 12
12 18 10
2 7 1
1 1
10 11 12
11 10 12
1 1
1 1 1
50 50 50
3 6
6 5 1
1 1 8
8 1 1
5 3 5
3 5 5
5 5 3
3 5 5
3 6
10 10 10
3 3 3
1 9 3
3 3 3
1 3 9
3 3 3
9 1 3
3 10
5 3 2
5 3 2
4 6 5
2 3 5
2 6 8
5 4 6
2 8 6
5 3 2
5 4 6
2 8 6
2 6 8
3 10
3 6 1
7 1 5
6 6 2
6 4 4
4 4 6
2 6 6
6 4 4
4 6 4
6 6 2
2 6 9
5 1 7
10 10
10 10 10
10 10 10
10 10 10
10 10 10
10 10 10
10 10 10
10 10 10
10 10 10
10 10 10
10 10 10
10 10 10
5 50
5 1 6
9 10 4
10 6 2
2 6 10
2 7 2
10 9 4
4 8 3
7 4 3
6 10 2
8 6 10
3 7 4
8 3 4
6 10 2
3 1 4
4 9 10
4 5 9
2 7 2
9 5 4
9 10 4
1 4 3
5 9 4
1 3 4
3 8 4
8 4 3
3 4 8
9 5 4
9 4 5
9 5 4
10 2 6
10 4 9
2 2 7
6 2 10
4 3 1
3 8 4
4 5 9
3 4 1
6 8 10
3 7 4
7 3 4
1 4 3
5 4 9
4 1 3
8 6 10
4 8 3
6 2 10
6 2 10
1 4 3
10 8 6
10 4 9
4 9 5
1 4 3
3 200
8 12 8
20 16 20
19 15 9
14 15 4
12 11 7
10 7 8
19 13 6
11 1 8
15 19 9
3 17 15
9 9 18
1 10 10
4 11 18
10 14 13
15 9 19
5 10 15
3 7 19
11 12 6
8 15 17
9 1 4
3 19 7
3 19 7
17 13 6
18 4 11
12 9 5
12 16 2
13 4 4
6 13 19
13 4 4
1 19 11
7 9 8
15 8 17
18 1 17
17 8 15
1 6 5
16 12 2
1 11 8
3 16 17
17 9 10
9 11 13
10 11 18
13 13 15
13 6 11
1 18 17
7 10 8
6 19 13
1 8 11
18 5 6
9 8 7
16 16 17
6 12 11
13 11 9
14 16 17
10 18 11
8 17 11
12 18 18
15 1 20
2 12 16
16 17 3
16 18 7
9 9 18
9 8 7
15 13 13
10 14 13
20 15 1
17 13 6
16 9 7
12 18 18
12 16 4
18 17 1
12 16 4
14 16 17
6 15 5
9 16 7
1 13 5
5 9 12
19 13 6
7 4 20
4 12 16
11 17 18
12 16 4
7 4 20
15 17 3
15 8 9
7 8 9
18 11 4
8 17 15
5 1 13
17 9 10
4 4 13
15 15 18
11 4 18
5 20 7
2 12 16
4 9 1
13 9 13
10 1 10
15 18 15
13 13 9
12 6 8
11 4 18
11 1 8
18 11 2
9 14 13
9 4 1
4 14 15
16 7 9
9 10 17
11 18 17
12 7 11
7 13 6
7 15 11
11 8 17
20 7 5
10 10 1
17 8 11
19 3 7
4 12 6
14 15 4
7 5 20
15 8 9
18 7 16
11 1 8
4 20 7
13 17 5
15 1 20
14 16 17
5 6 1
11 18 10
17 16 16
14 17 16
1 13 9
13 9 11
13 11 9
12 18 18
2 8 3
11 17 18
17 16 16
9 13 1
8 9 15
1 11 19
9 17 8
1 18 17
6 19 13
6 17 8
1 19 11
5 9 12
13 9 1
9 13 13
12 9 5
18 17 11
13 13 15
16 12 4
4 4 13
18 11 10
3 16 17
20 15 1
13 13 15
18 9 9
6 17 8
15 8 9
7 6 13
9 13 14
13 6 19
10 9 17
18 12 18
11 12 7
17 13 5
13 13 9
20 5 7
16 18 7
15 9 19
14 16 17
3 19 7
10 5 15
7 4 20
9 7 16
4 4 13
9 15 19
5 1 6
15 14 4
13 7 6
15 18 15
6 8 17
4 6 12
11 19 1
17 18 11
13 5 1
18 18 12
5 10 15
17 15 3
4 9 1
9 12 5
3 17 16
13 9 13
16 17 16
20 1 15
7 13 6
3 13 9
16 16 17
18 16 7
10 200
20 20 20
19 4 20
6 7 20
15 11 19
15 15 14
12 8 13
14 5 7
17 1 20
20 6 4
6 20 4
4 17 8
8 12 13
7 6 20
20 4 6
13 8 12
5 7 14
8 17 4
9 11 11
3 1 8
1 17 20
17 8 4
11 11 9
17 16 13
13 16 17
9 11 11
14 16 4
4 14 16
5 20 10
8 19 1
14 4 16
11 9 16
20 19 4
7 14 5
8 1 19
8 17 4
11 15 19
15 20 12
20 4 6
1 17 20
8 4 17
14 15 15
7 6 20
16 13 17
16 17 13
8 1 19
14 15 15
11 9 11
5 14 7
4 6 20
14 5 7
11 19 15
4 6 20
4 20 19
11 11 9
11 16 9
15 15 14
4 8 17
6 20 4
7 20 6
20 6 4
17 20 1
4 20 19
4 6 20
17 20 1
17 8 4
5 14 7
4 6 20
9 11 16
6 20 4
6 7 20
11 9 16
1 20 17
5 7 14
12 13 8
17 1 20
16 11 5
5 7 14
16 4 14
9 16 11
8 17 4
16 14 4
9 16 11
13 17 16
20 6 7
8 4 8
14 4 16
1 20 17
9 11 16
5 7 14
15 15 14
8 8 4
16 11 9
8 12 13
15 20 12
8 4 8
13 12 8
1 8 19
19 8 1
11 9 16
17 4 8
4 16 14
5 16 11
20 19 4
20 15 12
12 20 15
4 8 8
16 14 4
13 16 17
20 17 1
12 13 8
13 16 17
8 4 17
20 4 6
11 9 11
14 5 7
11 9 16
19 4 20
9 11 11
11 9 16
5 7 14
7 14 5
15 14 15
14 5 7
1 20 17
12 13 8
12 8 13
17 13 16
4 14 16
3 1 8
15 12 20
7 6 20
4 14 16
12 8 13
19 11 15
16 11 9
20 19 4
14 15 15
16 14 4
1 20 17
13 16 17
1 19 8
4 19 20
15 15 14
20 12 15
16 17 13
12 13 8
15 15 14
19 1 8
14 15 15
16 14 4
1 8 19
8 4 17
4 19 20
4 19 20
15 14 15
19 8 1
20 17 1
20 6 4
14 15 15
14 16 4
7 14 5
1 17 20
11 16 9
8 1 19
12 8 13
17 20 1
11 11 9
11 16 9
19 11 15
17 1 20
19 8 1
4 14 16
20 4 19
4 6 20
16 9 11
15 15 14
17 13 16
5 11 16
14 4 16
13 12 8
14 16 4
16 9 11
8 19 1
1 20 17
13 16 17
16 11 9
12 15 20
5 14 7
13 17 16
16 9 11
20 7 6
1 8 19
15 11 19
6 4 20
17 16 13
19 4 20
11 19 15
1 17 20
15 19 11
4 20 6
17 1 20
10 1000
50 50 50
6 6 46
5 25 47
40 4 2
23 30 3
5 16 38
23 42 20
35 34 46
28 46 7
50 43 23
16 28 6
24 32 30
9 49 29
4 8 49
48 9 31
45 18 4
27 25 20
22 32 28
21 46 28
16 30 38
34 19 8
4 40 2
31 48 40
19 38 21
40 4 2
18 19 48
42 23 20
29 2 26
31 48 9
23 42 9
8 24 8
28 22 23
30 9 39
2 26 29
42 35 22
18 9 12
6 28 16
30 3 23
48 9 31
19 18 48
15 25 1
3 42 23
35 34 46
28 29 1
17 49 24
22 45 28
2 40 4
3 42 23
49 8 4
6 20 50
4 40 2
40 34 21
30 26 10
34 21 40
36 14 9
3 8 19
27 27 23
30 19 44
49 29 9
26 33 50
29 9 49
22 15 36
23 42 9
6 28 16
12 20 15
4 18 45
31 34 17
29 40 46
3 6 45
47 25 5
28 45 22
15 12 20
36 9 14
20 9 34
20 23 49
5 23 20
40 46 38
40 4 2
48 28 42
42 23 3
16 30 37
20 23 5
24 8 8
30 9 3
22 21 40
22 23 28
40 29 46
27 30 18
21 28 46
19 8 3
22 37 31
23 42 9
10 26 30
4 8 49
48 27 34
20 6 50
37 13 13
20 42 23
46 21 28
23 49 20
31 9 48
40 4 2
1 29 28
50 50 50
18 9 12
27 36 45
43 12 47
20 30 3
30 9 3
6 46 6
1 29 28
13 13 37
30 18 27
9 48 31
9 18 12
34 8 19
34 31 17
21 39 6
9 23 42
48 40 31
26 2 29
44 23 6
22 28 23
20 12 15
3 23 42
42 42 13
20 42 23
50 50 50
28 46 7
12 15 20
38 34 21
48 31 9
16 28 6
29 20 27
40 46 38
27 36 50
42 3 23
25 15 1
32 22 14
22 15 36
16 6 28
48 19 18
34 48 27
47 43 12
50 6 20
49 4 8
32 22 28
7 7 30
25 5 47
3 23 42
10 40 41
42 23 3
12 47 43
50 37 38
50 7 14
30 39 9
30 9 3
33 18 29
49 29 9
40 2 4
20 34 9
42 42 13
41 40 10
31 48 40
15 7 1
42 23 3
42 28 48
43 23 50
28 29 1
9 42 23
21 40 22
27 18 30
9 49 49
42 42 13
22 35 42
40 22 21
28 42 48
35 22 42
37 22 24
21 34 38
8 4 49
42 13 42
32 22 14
8 8 24
8 24 8
22 15 36
6 16 28
27 48 34
23 42 20
24 32 30
30 3 20
21 34 40
27 50 36
18 45 4
24 8 8
12 31 41
36 22 15
28 21 46
32 22 28
8 34 19
42 23 3
24 49 17
20 27 29
40 46 29
5 20 23
16 29 31
42 22 35
29 26 2
43 23 50
3 6 45
23 9 42
31 34 23
42 42 13
9 20 34
31 23 34
21 40 34
16 28 6
42 23 20
12 15 20
37 13 13
29 27 20
30 37 16
48 19 18
42 23 20
30 26 10
13 13 37
42 13 42
36 9 14
28 42 48
21 34 40
37 16 30
4 12 31
40 31 48
36 27 50
8 8 24
1 28 29
15 12 20
15 36 22
23 34 31
31 40 48
29 27 20
12 43 47
16 5 38
40 46 29
21 28 46
3 9 30
1 7 15
12 31 4
11 49 48
9 31 48
40 36 16
23 43 50
37 16 30
2 26 29
32 13 22
48 27 34
43 23 2
23 27 27
22 32 13
28 45 22
48 42 28
34 35 46
30 7 7
26 10 30
42 23 9
5 21 8
10 46 31
26 29 2
50 23 43
34 48 27
21 40 34
23 42 20
28 22 23
30 3 23
11 13 30
33 50 26
42 42 13
32 28 22
34 38 21
19 8 29
23 22 28
48 40 31
23 20 5
50 50 50
42 9 23
22 15 36
21 38 34
8 8 24
20 49 23
8 21 5
22 28 23
36 22 15
32 28 22
1 15 7
28 46 7
12 4 31
26 33 50
20 6 50
40 21 22
20 27 29
49 8 4
16 6 28
29 26 2
38 21 19
18 4 45
46 6 6
3 8 19
26 30 10
41 31 12
42 13 42
15 7 1
40 31 48
10 40 41
37 13 13
21 40 22
42 9 23
40 29 46
38 21 34
23 30 3
32 28 22
2 4 40
31 10 46
21 40 34
40 22 21
48 34 27
37 13 13
5 21 8
37 13 13
22 32 14
49 23 20
9 18 12
8 19 3
45 22 28
29 2 26
34 38 21
22 42 35
36 22 15
50 6 20
30 9 3
27 23 27
27 36 50
27 30 18
37 31 22
30 10 26
37 13 13
34 23 31
27 36 50
30 27 18
40 4 2
3 45 6
30 13 11
50 43 23
18 12 9
3 8 19
41 40 10
25 1 15
16 31 29
14 50 7
30 27 18
35 34 46
45 36 27
22 45 28
12 20 15
9 30 3
40 4 2
30 11 13
50 26 33
34 40 21
20 3 30
9 38 25
21 28 46
45 3 6
25 5 47
34 9 20
49 23 20
6 46 6
8 8 24
22 28 45
48 19 18
34 23 31
48 31 40
34 23 31
27 50 36
6 46 6
5 25 47
30 7 7
12 43 47
27 29 20
32 14 22
49 20 23
40 34 21
3 41 41
16 6 28
28 40 39
43 50 23
35 34 46
21 34 40
40 46 29
10 40 41
29 1 28
37 22 31
18 30 27
35 34 46
26 10 30
23 49 20
9 23 42
23 42 9
15 1 25
9 20 34
37 22 31
7 50 14
23 3 42
38 21 34
36 14 9
27 27 23
28 32 22
13 13 37
22 15 36
9 49 29
30 16 38
32 22 28
27 30 18
2 23 43
46 35 1
23 27 27
50 20 6
9 39 30
30 7 7
38 19 21
9 20 34
31 37 22
23 28 22
28 45 22
16 29 31
35 34 46
49 9 29
48 40 31
47 26 24
9 36 14
26 30 10
38 19 21
4 40 2
50 36 27
15 12 20
45 3 6
26 33 50
24 17 49
49 23 20
26 50 33
24 8 8
17 34 31
4 8 49
5 47 25
19 48 18
9 38 25
5 46 26
45 22 28
22 32 14
48 31 40
31 34 23
28 6 16
21 38 19
27 34 48
28 46 21
16 40 36
3 45 6
27 18 30
12 47 43
47 25 5
22 21 40
36 9 14
13 42 42
42 20 23
44 12 1
3 9 30
4 31 12
8 34 19
28 6 16
29 31 16
50 26 33
22 45 28
30 23 3
48 34 27
6 46 6
40 41 10
31 12 4
42 23 3
36 27 50
22 21 40
45 18 4
29 20 27
11 13 30
18 48 19
25 47 5
31 10 46
30 23 3
22 23 28
38 40 46
13 13 37
26 33 50
22 40 21
29 33 18
18 45 4
14 32 22
50 26 33
37 13 13
37 16 30
2 40 4
36 27 50
32 22 14
48 18 19
32 14 22
9 30 3
22 36 15
34 35 46
5 25 47
37 30 16
21 22 40
37 13 13
46 28 7
23 49 20
34 46 35
22 32 14
29 16 31
34 20 9
21 46 28
40 22 21
26 2 29
9 14 36
31 48 9
25 15 1
6 44 23
48 31 9
26 33 50
7 15 1
47 5 25
20 27 29
14 22 32
17 49 24
40 34 21
8 49 4
40 2 4
12 47 43
32 14 22
50 23 43
6 16 28
20 27 29
27 18 30
30 37 16
24 8 8
30 7 7
23 42 20
24 30 32
46 21 28
26 2 29
23 42 20
18 48 19
4 40 2
40 10 41
46 38 40
21 8 5
29 26 2
12 20 15
15 1 7
12 41 31
18 4 45
3 30 9
9 38 25
46 6 6
30 39 9
7 14 50
23 9 42
47 43 12
20 9 34
4 49 8
20 30 3
40 10 41
16 37 30
32 28 22
24 30 32
49 23 20
31 29 16
49 23 20
15 20 12
50 20 6
49 17 24
25 20 27
20 12 15
20 23 42
22 36 15
22 37 24
5 26 46
38 19 21
20 6 50
42 28 48
8 8 24
9 34 20
31 22 37
32 22 28
9 38 25
5 21 8
3 30 23
21 6 39
40 46 29
31 41 12
45 6 3
50 50 50
1 28 29
5 25 47
35 42 22
18 9 12
17 49 24
39 28 40
29 18 33
20 25 27
29 16 31
31 46 10
7 30 7
18 30 27
36 15 22
21 22 40
22 32 14
43 23 50
47 24 26
33 50 26
42 13 42
23 50 43
30 27 18
49 48 11
24 8 8
24 8 8
46 5 26
48 28 42
49 20 23
20 9 34
43 2 23
15 12 20
23 30 3
31 48 9
28 29 1
21 34 40
22 35 42
42 28 48
38 25 9
6 16 28
18 29 33
50 26 33
9 42 23
8 29 19
6 46 6
12 43 47
34 40 21
21 34 40
46 40 38
28 1 29
2 26 29
36 22 15
9 34 20
15 25 1
44 1 12
11 30 13
38 21 34
28 45 22
49 4 8
22 40 21
9 20 34
31 22 24
43 50 23
34 20 9
20 27 29
15 1 25
49 4 8
20 23 42
16 28 6
38 25 9
18 19 48
16 31 29
28 48 42
31 22 37
1 15 25
13 42 42
20 50 6
40 41 10
20 49 23
30 26 10
16 30 38
43 23 50
37 22 31
32 22 14
6 3 45
34 38 21
20 27 29
13 42 42
48 18 19
19 8 34
10 41 40
8 21 5
23 30 3
22 28 32
9 30 3
24 47 26
27 23 27
34 17 31
9 49 49
8 21 5
18 33 29
24 17 49
7 7 30
27 20 29
28 22 45
31 29 16
28 29 1
8 3 19
31 12 41
22 35 42
38 9 25
18 29 33
32 14 22
20 30 3
20 9 34
35 22 42
34 48 27
26 33 50
23 42 3
16 6 28
29 40 46
20 34 9
42 23 20
10 41 40
18 9 12
30 37 16
4 31 12
8 4 49
23 20 49
30 26 10
24 17 49
16 31 29
18 29 33
23 42 9
27 36 50
23 20 49
24 8 8
42 22 35
2 4 40
30 24 32
16 38 30
40 41 10
30 18 27
50 33 26
46 10 31
50 50 50
38 5 16
25 9 38
20 42 23
11 12 4
28 29 1
18 33 29
28 1 29
50 50 50
35 34 46
48 27 34
8 24 8
49 29 9
14 22 32
27 18 30
29 33 18
48 34 27
49 8 4
21 40 34
34 31 23
5 38 16
38 5 16
14 32 22
33 26 50
48 9 31
22 28 45
20 23 42
21 38 34
30 27 18
12 18 9
50 50 50
17 31 34
23 28 22
23 3 42
14 7 50
22 40 21
40 21 34
23 9 42
50 26 33
5 16 38
42 48 28
24 8 8
18 27 30
50 50 50
20 25 27
50 38 37
42 13 42
6 16 28
23 20 42
13 37 13
24 8 8
24 32 30
27 27 23
20 9 34
42 13 42
6 20 50
21 5 8
10 30 26
49 9 29
27 20 29
23 42 9
3 23 30
37 31 22
34 9 20
34 23 31
23 3 30
40 46 38
49 17 24
9 42 23
10 46 31
22 35 42
33 50 26
3 9 30
41 10 40
16 28 6
10 30 26
50 50 50
6 50 20
37 22 31
24 49 17
46 6 6
22 37 31
49 48 11
48 31 40
6 6 46
22 32 14
50 14 7
3 23 30
31 48 40
35 42 22
35 46 34
21 40 22
48 31 40
23 43 50
36 14 9
22 37 31
27 20 29
20 23 42
29 27 20
23 20 49
10 30 26
20 3 30
15 7 1
28 32 22
37 13 13
8 8 24
38 19 21
32 22 14
50 26 33
46 35 34
48 28 42
6 6 46
36 50 27
28 29 1
34 9 20
34 17 31
5 26 46
24 8 8
31 34 23
50 20 6
10 40 41
38 16 30
8 19 34
31 24 22
16 6 28
31 17 34
50 43 23
38 34 21
38 19 21
45 18 4
35 42 22
23 31 34
40 46 29
34 35 46
48 31 9
48 31 40
8 49 4
29 49 9
37 50 38
36 22 15
37 22 31
6 28 16
3 9 30
29 16 31
8 5 21
34 8 19
19 8 3
20 15 12
15 25 1
49 4 8
4 12 31
28 32 22
45 3 6
42 23 9
40 31 48
28 23 22
26 29 2
40 21 34
16 30 38
36 45 27
27 48 34
49 49 9
40 2 4
3 30 9
2 40 4
28 48 42
40 22 21
42 42 13
45 28 22
45 18 4
3 23 30
46 6 6
38 21 34
41 40 10
40 21 22
2 23 43
50 50 50
34 35 46
46 6 6
45 27 36
46 29 40
15 12 20
38 34 21
10 41 40
50 20 6
14 7 50
49 20 23
28 21 46
45 28 22
24 49 17
28 22 23
30 23 3
8 49 4
14 32 22
4 8 49
24 47 26
27 48 34
25 9 38
2 40 4
12 18 9
27 29 20
46 35 34
49 29 9
7 15 1
42 28 48
46 40 38
23 42 3
49 11 48
18 29 33
9 14 36
37 31 22
44 30 19
40 8 15
21 8 5
3 9 30
37 22 31
15 36 22
36 50 27
28 22 45
29 26 2
5 26 46
38 5 16
9 23 42
13 32 22
20 23 49
36 15 22
29 20 27
1 29 28
23 42 20
26 33 50
27 50 36
28 22 32
40 31 48
18 9 12
20 27 25
21 34 38
38 21 19
45 4 18
16 40 36
38 21 19
1 28 29
21 8 5
21 19 38
42 42 13
22 31 37
18 29 33
48 18 19
13 37 13
19 8 29
7 15 1
31 12 4
3 1000
4 16 22
39 20 36
14 1 32
23 18 3
3 38 26
33 27 38
5 4 35
18 24 37
17 33 31
20 5 18
28 12 27
30 29 10
40 35 42
18 3 6
1 14 23
1 4 30
21 11 2
32 8 2
41 12 22
19 42 34
5 42 27
50 3 30
34 20 41
50 23 3
36 13 37
39 9 21
41 27 30
16 26 1
11 40 10
23 3 50
39 8 13
41 34 20
27 45 39
41 48 34
22 13 38
28 26 49
36 6 30
9 18 30
3 3 39
50 3 17
19 13 8
23 7 10
8 5 16
46 9 17
10 9 32
32 34 25
35 1 2
24 45 26
26 9 9
29 41 9
27 1 34
22 27 34
25 31 25
33 23 27
20 18 46
14 46 22
44 38 50
45 27 39
22 37 41
31 25 25
41 18 49
31 12 39
48 8 47
24 20 50
44 2 36
29 31 4
19 6 19
32 28 50
46 4 6
32 4 12
4 9 16
44 31 1
25 23 13
21 4 24
8 17 19
23 17 18
21 28 30
42 37 48
36 41 48
13 45 39
33 10 9
3 21 35
21 15 45
34 5 21
5 17 22
44 31 1
10 29 30
4 1 30
15 39 14
8 2 10
33 9 10
34 3 6
23 1 14
27 38 33
28 3 18
22 37 17
50 1 34
13 22 38
32 10 43
4 33 50
9 31 23
31 10 15
6 16 20
34 3 40
48 10 34
18 30 9
17 50 3
9 34 39
22 10 9
29 23 3
44 39 11
22 14 46
50 24 20
5 43 40
15 5 46
26 48 3
48 13 18
30 1 4
37 18 24
3 12 9
48 37 42
21 35 3
19 33 50
26 16 1
6 50 39
32 44 33
19 6 35
36 25 41
23 28 38
45 40 38
35 17 41
6 26 14
47 38 12
48 34 10
23 21 22
32 31 31
18 48 9
30 28 21
44 46 9
26 27 12
16 37 25
35 32 17
12 34 3
34 37 41
34 47 2
36 50 44
18 49 41
41 25 48
35 19 6
34 22 27
3 47 27
22 31 21
32 31 31
48 29 34
40 49 9
49 6 17
45 30 6
2 18 50
27 33 38
6 44 28
13 5 13
20 6 16
38 45 14
28 32 50
39 38 38
36 25 17
44 33 32
32 36 40
38 39 38
41 6 31
21 37 8
27 39 45
9 34 48
34 48 29
19 5 12
44 36 50
14 26 15
36 38 6
3 45 1
14 46 45
28 3 4
28 3 4
46 1 35
23 10 7
33 38 10
10 33 9
12 34 32
22 20 49
41 6 31
1 50 34
50 37 38
8 21 28
3 12 9
5 30 10
19 8 10
7 33 28
50 3 30
9 36 6
1 31 44
3 35 21
15 27 25
49 41 18
33 39 2
3 39 3
35 29 6
37 23 40
30 46 39
6 21 39
44 45 40
3 23 18
31 41 6
6 19 9
40 3 34
17 39 47
28 33 7
11 9 9
47 39 17
21 28 8
12 27 28
24 1 28
32 2 8
27 41 30
49 39 25
32 14 1
29 39 14
47 38 33
4 36 21
17 21 5
46 15 17
6 41 31
20 1 5
36 8 26
2 11 39
40 44 45
32 1 50
50 42 42
20 16 9
15 45 38
9 3 12
36 2 40
37 27 34
35 20 22
34 8 41
45 47 23
19 47 18
12 38 39
15 19 47
45 30 35
25 44 5
37 22 41
39 2 15
22 36 39
17 36 4
18 36 14
48 41 25
12 34 32
10 5 30
9 32 10
1 30 4
34 5 21
42 25 33
12 20 31
20 5 18
14 32 1
47 2 34
19 43 8
24 13 23
35 47 19
37 18 24
32 40 36
9 9 26
25 41 36
20 6 14
38 21 44
26 26 15
6 17 49
17 22 5
50 19 33
33 13 11
30 45 35
26 15 26
42 5 27
48 41 34
45 38 15
1 3 23
15 14 39
37 34 27
2 21 11
49 40 9
39 49 25
33 27 38
17 5 21
45 40 38
19 12 43
8 2 10
3 28 18
46 20 7
31 12 49
38 22 14
26 28 22
14 26 6
21 22 23
15 19 47
27 44 16
50 18 2
37 50 38
27 25 15
17 41 35
6 30 27
11 2 21
29 35 33
34 5 21
15 39 14
44 21 13
9 18 30
47 2 34
30 21 28
39 12 38
14 24 10
6 16 20
33 10 9
26 15 26
49 16 6
40 30 27
39 47 17
22 9 11
15 19 29
26 48 15
15 9 12
12 31 20
44 31 18
44 40 45
38 14 45
44 39 13
12 38 39
50 3 34
43 12 19
47 8 48
27 29 32
6 19 19
44 16 27
49 50 11
39 15 2
30 46 39
21 24 48
22 31 21
36 4 21
39 31 12
21 28 30
24 42 30
39 42 9
15 33 30
36 30 6
35 29 6
28 4 3
32 31 31
2 24 11
17 36 25
32 22 47
2 39 15
10 36 50
13 25 23
35 4 5
6 27 30
45 15 38
32 33 44
40 35 28
42 30 49
21 3 35
17 36 25
16 27 44
25 33 42
13 8 39
2 1 35
15 8 29
9 6 19
50 11 49
14 24 10
26 48 3
15 12 9
3 4 28
28 1 24
43 29 1
49 20 22
1 28 24
3 27 47
39 6 21
14 45 38
9 11 22
48 9 34
41 8 34
27 25 15
50 1 43
38 38 26
22 14 46
42 42 14
31 2 10
45 7 16
39 13 8
22 26 5
15 26 26
38 22 14
32 25 34
11 9 9
35 41 17
30 45 35
48 35 29
15 37 45
41 11 36
39 2 11
17 39 47
6 30 45
30 17 49
25 32 34
45 30 6
46 22 14
16 19 5
9 18 48
47 18 19
15 14 26
16 7 45
18 17 23
5 43 40
50 23 3
33 10 9
30 6 36
4 36 21
4 31 29
28 4 13
47 29 3
27 42 8
36 44 50
39 14 29
41 34 48
14 42 42
50 32 1
39 38 47
1 50 43
50 44 36
9 34 48
37 41 22
5 21 34
50 44 36
34 27 37
46 14 45
14 45 12
11 9 9
31 38 39
27 29 32
8 41 34
15 13 38
33 11 13
18 44 31
5 16 48
45 30 35
4 30 1
31 24 12
8 12 34
38 45 15
33 38 10
7 46 20
21 24 4
20 6 14
1 3 23
17 18 23
37 45 15
6 3 34
21 34 14
21 41 44
35 21 3
10 30 5
24 42 30
3 23 50
22 38 14
6 9 19
5 21 17
17 15 46
18 20 5
12 32 34
30 42 49
46 45 14
33 13 11
12 27 28
4 20 10
47 38 4
37 4 18
29 17 25
46 18 43
42 50 42
6 4 46
12 27 26
40 42 35
28 18 3
3 6 45
3 39 3
34 19 34
38 15 13
3 26 48
45 14 38
4 36 21
32 50 28
35 42 27
24 14 10
4 31 29
29 35 48
18 41 49
14 46 45
36 2 44
32 11 37
1 31 40
6 36 30
36 44 48
48 41 25
34 32 28
36 6 30
16 33 30
41 17 35
1 3 45
13 38 22
30 6 45
22 38 30
4 38 47
7 16 45
13 21 44
38 26 50
38 45 15
42 30 49
1 2 35
37 21 28
32 4 12
8 43 19
3 39 3
20 36 39
16 26 1
28 38 23
32 34 12
24 42 30
13 33 11
2 18 50
25 28 24
33 38 47
39 46 30
12 31 39
27 12 26
15 29 19
6 29 35
46 35 1
50 10 18
21 44 13
33 42 6
24 21 4
10 24 14
1 49 18
29 34 48
43 29 29
6 17 49
50 32 1
44 32 33
19 6 19
3 47 29
9 29 41
14 20 6
33 39 2
34 19 42
38 50 44
9 29 41
20 14 4
24 21 48
10 23 7
44 21 41
19 10 8
6 34 3
36 1 47
37 41 22
38 15 13
50 6 39
9 4 29
43 8 19
30 46 30
9 41 29
39 38 47
13 13 5
33 10 38
47 19 15
29 26 44
46 45 14
1 31 40
35 6 19
12 19 5
35 1 2
34 27 37
13 48 18
26 19 5
29 4 40
35 28 41
49 42 29
14 39 15
48 37 42
46 1 35
15 5 46
33 38 27
21 41 44
10 7 23
4 20 14
18 34 36
47 1 36
15 37 45
47 35 19
30 46 30
12 32 4
4 24 21
26 3 48
41 11 36
31 11 8
8 13 19
27 12 28
50 33 19
39 34 9
31 8 11
1 40 31
10 29 4
27 30 6
44 40 45
5 19 16
28 8 21
6 16 48
10 2 8
26 9 9
43 29 29
47 38 33
13 24 23
29 35 6
29 39 14
49 42 29
38 13 22
29 26 44
41 44 38
46 17 46
1 3 45
47 4 38
8 21 37
33 16 30
34 8 41
16 5 19
30 46 30
23 18 3
34 41 20
27 3 47
3 39 3
4 12 32
13 12 49
28 15 12
22 26 28
9 23 31
20 24 8
15 26 48
28 30 24
37 40 23
31 17 33
18 46 43
27 14 22
19 47 15
14 6 20
33 32 44
36 6 9
23 18 17
41 37 34
17 49 6
40 37 23
38 15 13
27 6 30
7 20 46
36 2 40
5 4 35
26 9 9
40 44 50
42 14 42
46 9 44
28 21 8
9 20 16
39 49 25
36 38 6
39 45 27
26 6 14
31 1 44
3 6 34
48 21 20
1 40 31
27 47 3
10 38 33
29 10 30
27 29 32
24 28 25
8 37 21
30 38 22
46 20 7
9 26 9
21 5 34
34 9 39
25 41 36
35 5 4
36 50 10
28 41 35
34 45 11
14 22 38
34 45 11
24 30 28
36 6 38
27 42 5
10 23 7
10 2 31
8 10 2
12 28 27
13 11 33
17 46 9
22 14 27
2 11 39
8 21 37
38 40 45
50 26 38
29 49 42
22 17 5
26 28 49
49 11 50
37 40 23
48 34 9
50 4 33
23 13 24
11 2 21
16 5 48
49 25 39
22 13 38
24 23 13
32 31 31
5 10 30
8 30 49
18 34 36
18 23 3
18 36 34
39 47 17
50 36 10
12 31 49
28 27 1
29 9 27
38 38 26
41 11 36
32 14 1
6 27 30
46 5 15
41 17 35
1 26 16
48 16 5
44 41 38
36 21 4
8 21 28
44 38 50
19 47 35
34 34 19
4 33 50
17 26 8
17 46 46
40 32 36
22 49 20
3 18 28
18 46 43
33 50 21
19 42 34
41 34 37
8 10 2
47 45 36
26 28 22
41 22 37
50 33 4
26 6 14
15 25 27
1 47 36
22 20 35
32 34 12
8 32 2
50 1 43
10 36 50
4 20 10
9 17 46
49 40 22
21 37 28
18 4 37
45 6 30
37 18 4
41 7 34
1 28 24
5 13 13
13 19 8
20 4 14
27 22 14
27 12 26
30 27 41
48 9 18
9 36 6
21 2 11
5 46 15
49 11 50
39 38 12
21 4 24
9 4 29
30 45 35
28 50 32
34 14 21
28 32 34
3 18 28
26 38 38
1 43 50
21 28 37
40 32 36
45 39 27
33 29 35
37 32 11
40 3 34
30 32 24
18 50 10
18 20 46
4 33 50
29 8 15
9 12 3
43 32 10
13 18 48
29 6 35
16 4 9
19 6 19
19 18 47
13 39 35
38 14 22
11 22 9
38 26 38
29 47 3
39 21 6
13 44 39
34 19 34
10 4 29
29 44 26
22 47 32
18 34 36
8 19 17
30 42 24
37 23 40
2 31 10
13 4 28
17 36 4
36 2 44
4 32 12
8 32 2
6 14 20
6 45 3
35 17 32
27 28 1
2 24 49
29 1 43
19 47 35
12 3 34
42 5 27
12 49 31
19 5 12
27 40 30
18 9 43
9 48 34
8 29 15
38 44 50
16 5 8
17 30 49
38 28 23
47 18 19
13 15 38
39 15 14
45 3 1
33 23 27
43 4 31
35 32 17
22 23 42
9 31 23
25 36 17
46 15 17
25 13 23
5 46 15
38 39 47
38 3 26
20 5 18
48 37 42
14 27 22
12 9 15
8 34 43
22 20 35
19 6 19
34 41 48
24 37 22
27 23 33
4 13 28
24 48 21
30 24 28
28 50 32
10 31 2
22 21 23
46 9 44
9 39 34
30 24 42
50 33 21
8 29 15
44 1 31
11 39 44
29 2 10
31 39 1
41 10 33
9 29 4
41 49 18
47 5 49
27 3 4
50 36 10
12 4 27
10 2 31
33 42 25
48 15 26
33 29 35
13 48 18
23 1 14
21 45 15
2 33 39
5 8 16
5 44 25
42 14 42
22 30 38
47 38 12
17 15 46
34 7 41
47 27 3
44 13 39
27 42 35
18 23 3
27 3 4
1 36 47
31 31 32
40 44 50
50 1 34
19 43 8
25 43 47
6 39 21
43 12 19
4 47 38
23 38 28
34 34 19
13 35 39
25 15 27
15 46 17
3 28 4
46 44 9
34 36 18
5 16 48
18 6 3
20 23 20
27 22 14
34 10 48
47 38 33
9 12 15
2 39 11
50 20 24
36 6 38
12 15 9
34 12 3
17 46 46
32 21 42
34 8 12
47 32 22
31 3 46
19 26 5
28 41 35
8 2 32
36 4 17
34 37 27
48 18 13
17 30 49
45 16 7
47 19 15
21 31 22
26 48 15
34 40 3
31 12 49
11 36 41
25 41 36
14 45 38
30 49 42
46 20 7
23 3 1
26 29 44
28 1 24
6 21 39
5 48 16
43 1 29
12 31 39
12 28 15
3 6 18
13 44 21
4 13 28
42 8 27
14 42 42
20 1000
50 50 50
23 16 18
31 25 50
37 3 43
44 31 8
47 44 8
17 49 47
20 16 2
21 21 15
48 12 19
30 34 13
21 15 21
46 44 11
16 25 25
28 16 4
32 16 17
28 16 4
35 20 30
13 30 34
4 28 16
32 41 6
16 32 17
15 21 21
12 33 11
48 12 19
30 20 35
13 34 30
31 31 38
5 23 9
16 17 32
31 38 31
18 23 16
47 49 17
9 47 13
9 47 13
19 12 48
36 47 43
31 25 50
6 40 47
28 19 17
50 50 50
31 45 49
21 21 15
47 44 8
8 31 44
8 31 44
6 41 32
8 10 40
35 30 20
44 8 47
14 28 10
19 48 12
25 16 25
47 8 44
47 13 9
38 31 31
16 4 28
31 38 31
10 2 18
21 21 15
12 26 50
32 6 41
14 28 10
25 16 25
8 31 44
16 4 28
23 16 18
28 19 17
19 48 12
29 17 44
16 25 25
12 20 38
37 31 44
44 46 11
12 50 26
40 8 10
44 28 20
44 20 28
43 3 37
43 37 3
23 18 16
14 10 28
11 14 9
32 16 17
29 17 44
38 31 31
44 11 46
47 13 9
30 34 13
38 19 25
21 46 4
34 30 13
37 31 44
8 44 47
44 47 8
2 7 6
10 28 14
31 38 31
13 30 34
50 12 26
6 32 41
19 28 17
46 21 4
8 40 10
10 18 2
10 14 28
29 44 17
38 19 25
36 42 1
20 30 35
7 48 33
4 21 46
17 19 28
50 26 12
31 50 25
8 40 10
19 38 25
48 12 19
17 16 32
7 1 45
47 13 9
41 6 32
31 38 31
50 50 50
8 31 44
34 30 13
36 42 1
43 3 37
34 13 30
28 16 4
23 16 18
31 31 38
47 8 44
36 29 33
50 31 25
41 6 32
25 25 16
29 33 36
30 6 3
10 2 18
21 21 15
10 8 40
17 16 32
50 25 31
1 45 7
28 16 4
44 8 31
8 44 47
9 47 13
45 49 31
31 37 44
3 6 30
44 28 20
16 17 32
45 49 31
21 46 4
25 25 16
36 29 33
13 30 34
31 37 44
31 31 38
16 17 32
33 29 36
2 7 6
38 31 31
32 41 6
11 12 33
16 18 23
28 17 19
10 18 2
25 38 19
31 38 31
8 40 10
44 47 8
8 40 10
38 38 18
10 40 8
44 31 37
47 9 13
8 10 40
49 47 17
13 9 47
21 15 21
21 46 4
44 11 46
31 44 8
28 10 14
28 19 17
40 10 8
6 32 41
47 49 17
42 41 47
9 13 47
3 43 37
31 44 8
44 31 37
50 26 12
9 13 47
47 6 40
16 17 32
12 33 11
26 50 12
32 41 6
25 16 25
31 49 45
38 31 31
8 40 10
38 25 19
38 38 18
19 12 48
38 25 19
41 6 32
33 7 48
47 40 6
45 1 7
44 46 11
29 44 17
2 7 6
21 15 21
2 18 10
8 31 44
16 28 4
41 32 6
8 10 40
18 23 16
25 16 25
6 47 40
32 6 41
13 47 9
31 37 44
41 6 32
32 16 17
32 17 16
8 44 47
45 31 49
18 16 23
47 6 40
35 20 30
20 35 30
44 46 11
2 20 16
29 44 17
50 50 50
31 8 44
42 47 41
36 1 42
31 25 50
42 36 1
21 15 21
8 10 40
13 30 34
16 25 25
17 16 32
9 13 47
14 9 11
30 20 35
7 48 33
4 16 28
11 12 33
18 10 2
34 30 13
43 3 37
20 30 35
50 25 31
9 13 47
17 49 47
38 19 25
29 33 36
16 4 28
48 7 33
6 2 7
33 36 29
25 16 25
50 50 50
2 6 7
17 28 19
9 13 47
18 16 23
17 19 28
15 21 21
25 16 25
16 23 18
4 28 16
21 21 15
46 44 11
20 30 35
16 28 4
17 44 29
31 8 44
1 7 45
50 50 50
6 32 41
7 33 48
2 18 10
1 42 36
2 10 18
36 42 1
18 10 2
15 21 21
11 9 14
1 36 42
14 28 10
30 34 13
15 21 21
17 16 32
13 34 30
47 8 44
23 18 16
10 14 28
29 33 36
31 31 38
44 8 47
6 41 32
28 10 14
25 38 19
17 29 44
44 20 28
49 17 47
29 36 33
47 32 2
26 50 12
16 18 23
47 8 44
50 25 31
31 38 31
19 48 12
31 8 44
50 50 50
25 31 50
50 26 12
45 31 49
44 37 31
9 13 47
50 12 26
28 10 14
33 7 48
21 21 15
31 31 38
13 30 34
6 32 41
40 47 6
16 25 25
28 14 10
47 9 13
25 38 19
42 1 36
38 19 25
29 17 44
29 36 33
11 12 33
31 50 25
13 47 9
1 7 45
44 47 8
21 4 46
44 8 31
36 1 42
25 16 25
25 38 19
31 38 31
10 14 28
21 21 15
16 23 18
16 32 17
20 12 38
26 12 50
30 34 13
7 6 2
41 6 32
31 25 50
5 9 23
25 38 19
12 20 38
25 31 50
29 36 33
23 16 18
21 21 15
11 46 44
32 17 16
4 21 46
36 29 33
15 21 21
7 48 33
12 48 19
44 17 29
42 1 36
10 18 2
36 33 29
12 5 38
16 25 25
38 25 19
18 23 16
31 8 44
44 8 31
46 44 11
17 16 32
25 31 50
7 33 48
46 44 11
33 11 12
25 31 50
21 21 15
50 50 50
17 29 44
43 3 37
44 31 8
11 33 12
40 6 47
20 44 28
45 31 49
4 28 16
47 40 6
12 11 33
19 28 17
47 8 44
8 40 10
20 30 35
10 2 18
10 14 28
14 10 28
50 26 12
11 46 44
29 44 17
6 41 32
40 47 6
4 21 46
16 32 17
11 12 33
26 12 50
30 34 13
50 50 50
46 4 21
11 14 9
38 25 19
20 35 30
50 25 31
44 8 31
28 20 44
46 11 44
7 33 48
14 10 28
50 25 31
13 34 30
49 47 17
17 44 29
16 17 32
25 31 50
47 2 32
25 16 25
16 23 18
11 46 44
44 46 11
14 28 10
18 10 2
25 25 16
2 18 10
9 5 23
10 18 2
50 50 50
29 44 17
44 17 29
44 46 11
4 16 28
31 44 8
18 16 23
16 25 25
19 38 25
48 7 33
19 17 28
46 21 4
32 47 2
47 44 8
38 5 12
13 30 34
2 10 18
28 20 44
16 25 25
16 2 20
11 46 44
16 25 25
44 28 20
21 15 21
41 47 42
47 13 9
47 9 13
25 38 19
6 41 32
44 11 46
31 44 37
31 50 25
34 13 30
45 1 7
33 48 7
45 1 7
28 44 20
25 19 38
25 25 16
9 13 47
26 12 50
29 36 33
50 25 31
28 4 16
46 21 4
17 29 44
40 10 8
49 47 17
21 15 21
16 25 25
45 1 7
6 47 40
38 31 31
44 31 8
6 41 32
30 35 20
23 16 18
10 2 18
31 31 38
25 16 25
11 44 46
28 16 4
8 40 10
31 38 31
43 47 36
28 4 16
16 32 17
44 47 8
31 44 37
8 10 40
43 37 3
36 1 42
16 25 25
14 10 28
7 1 45
34 13 30
28 16 4
50 25 31
33 7 48
15 21 21
10 40 8
31 8 44
4 16 28
10 2 18
29 36 33
42 36 1
44 46 11
28 19 17
25 25 16
36 29 33
44 8 31
1 45 7
23 16 18
32 41 6
12 11 33
34 13 30
45 7 1
14 10 28
21 46 4
37 44 31
30 13 34
4 46 21
21 15 21
16 18 23
33 7 48
44 31 8
23 18 16
35 20 30
21 4 46
33 48 7
10 40 8
17 47 49
2 18 10
31 45 49
20 30 35
47 13 9
47 8 44
16 32 17
3 37 43
48 33 7
11 44 46
30 3 6
31 31 38
23 16 18
16 17 32
25 25 16
50 26 12
31 31 38
50 12 26
34 13 30
17 19 28
38 20 12
6 7 2
16 18 23
44 47 8
28 10 14
46 4 21
6 7 2
28 10 14
2 20 16
33 29 36
29 17 44
25 38 19
4 16 28
28 4 16
29 36 33
48 7 33
9 47 13
29 36 33
36 29 33
10 2 18
49 17 47
21 21 15
16 17 32
11 44 46
38 20 12
25 50 31
13 30 34
28 10 14
49 45 31
25 31 50
33 36 29
29 36 33
42 1 36
43 3 37
50 50 50
13 47 9
23 18 16
2 18 10
6 41 32
31 49 45
44 17 29
41 32 6
11 33 12
29 36 33
19 12 48
28 20 44
12 26 50
17 29 44
16 32 17
37 43 3
8 40 10
49 45 31
10 8 40
15 21 21
29 36 33
28 14 10
25 16 25
10 40 8
45 49 31
28 4 16
36 33 29
19 28 17
12 38 5
32 41 6
29 17 44
25 38 19
16 25 25
19 12 48
1 45 7
33 29 36
40 10 8
13 47 9
10 14 28
50 26 12
44 47 8
31 44 37
46 44 11
20 30 35
17 44 29
17 44 29
44 8 31
25 50 31
42 1 36
2 10 18
50 50 50
31 49 45
17 16 32
23 18 16
21 21 15
8 31 44
25 25 16
13 30 34
50 50 50
21 15 21
50 50 50
18 23 16
18 2 10
36 43 47
47 40 6
26 50 12
28 16 4
2 32 47
32 41 6
31 31 38
23 18 16
20 35 30
50 50 50
20 12 38
10 40 8
4 46 21
16 25 25
36 33 29
18 10 2
6 41 32
47 49 17
46 11 44
10 14 28
17 16 32
28 17 19
21 21 15
5 9 23
25 50 31
7 48 33
30 20 35
29 36 33
4 16 28
44 8 31
31 38 31
41 6 32
1 36 42
46 44 11
20 12 38
16 32 17
31 37 44
40 47 6
31 31 38
31 37 44
16 25 25
6 41 32
41 6 32
7 1 45
25 25 16
45 1 7
31 44 8
32 41 6
2 10 18
16 32 17
44 11 46
45 49 31
15 21 21
11 33 12
11 33 12
46 21 4
8 44 31
9 13 47
11 12 33
21 4 46
25 16 25
21 21 15
25 25 16
41 6 32
1 7 45
9 47 13
31 50 25
7 6 2
38 25 19
8 47 44
31 49 45
38 25 19
37 31 44
18 16 23
16 25 25
18 16 23
12 38 20
42 36 1
41 6 32
44 8 47
7 6 2
31 50 25
21 21 15
31 50 25
50 31 25
13 47 9
33 29 36
29 17 44
29 33 36
21 21 15
21 15 21
32 16 17
8 44 47
38 20 12
21 46 4
23 9 5
32 47 2
13 47 9
13 30 34
43 3 37
11 33 12
47 9 13
34 13 30
10 18 2
7 45 1
30 34 13
38 31 31
25 25 16
38 19 25
12 26 50
44 17 29
16 20 2
31 38 31
36 29 33
17 47 49
20 38 12
28 16 4
9 5 23
31 8 44
44 11 46
41 6 32
30 20 35
50 50 50
49 45 31
20 12 38
32 16 17
31 44 8
8 31 44
18 16 23
50 50 50
50 50 50
17 29 44
17 44 29
8 44 47
36 33 29
25 31 50
48 12 19
2 18 10
23 18 16
20 28 44
7 6 2
30 34 13
50 25 31
2 18 10
10 8 40
2 20 16
31 50 25
47 13 9
31 50 25
45 7 1
40 8 10
13 47 9
28 14 10
31 45 49
12 33 11
1 36 42
16 4 28
9 14 11
11 9 14
16 28 4
44 28 20
25 50 31
5 38 12
31 38 31
32 17 16
29 44 17
46 21 4
50 12 26
23 18 16
31 31 38
46 44 11
50 12 26
38 12 20
50 50 50
50 50 50
50 26 12
40 10 8
40 10 8
3 37 43
19 25 38
50 50 50
37 3 43
7 45 1
28 16 4
1 42 36
4 16 28
31 44 8
7 45 1
49 31 45
18 16 23
44 8 47
9 14 11
47 2 32
17 44 29
15 21 21
46 44 11
21 15 21
44 20 28
29 17 44
40 6 47
36 42 1
1 36 42
11 33 12
19 38 25
10 8 40
17 29 44
25 38 19
8 44 47
5 9 23
44 8 31
17 29 44
45 1 7
50 12 26
4 16 28
15 21 21
30 13 34
8 40 10
4 16 28
1 36 42
12 50 26
32 17 16
31 45 49
29 33 36
29 36 33
45 49 31
25 38 19
4 28 16
10 2 18
10 8 40
32 6 41
33 48 7
47 41 42
14 28 10
2 7 6
28 19 17
25 25 16
2 18 10
12 20 38
9 47 13
36 33 29
26 12 50
40 8 10
13 9 47
45 49 31
31 44 8
46 21 4
33 29 36
37 44 31
31 50 25
16 23 18
11 44 46
29 44 17
28 19 17
30 13 34
45 49 31
25 16 25
31 8 44
25 25 16
20 44 28
50 26 12
30 34 13
6 32 41
47 17 49
17 32 16
16 20 2
12 26 50
11 46 44
16 23 18
44 8 31
17 16 32
17 29 44
31 25 50
48 12 19
14 10 28
16 4 28
12 38 20
34 13 30
21 15 21
34 13 30
47 44 8
41 6 32
31 38 31
16 4 28
30 35 20
45 7 1
44 31 8
47 9 13
36 42 1
18 2 10
45 1 7
47 13 9
9 14 11
6 41 32
21 21 15
44 46 11
10 18 2
18 23 16
8 31 44
31 50 25
15 21 21
25 19 38
19 38 25
50 12 26
31 45 49
33 29 36
49 31 45
23 16 18
20 16 2
12 50 26
9 47 13
6 32 41
44 17 29
29 36 33
7 2 6
13 9 47
20 1000
12 33 30
34 2 37
18 13 28
12 46 28
12 31 31
3 38 43
49 2 28
37 34 2
36 44 24
20 44 22
37 27 41
27 5 23
29 40 34
48 22 17
10 30 13
31 31 12
28 2 49
24 6 44
10 30 13
28 12 46
12 10 1
6 5 22
12 13 29
7 23 35
31 11 34
44 24 36
6 44 24
13 8 4
1 40 13
38 3 24
12 31 31
48 22 17
6 9 7
6 7 9
26 26 50
31 12 31
2 37 34
2 7 19
29 13 12
20 22 44
2 49 28
35 37 36
18 28 13
9 6 7
37 27 41
30 46 32
32 30 46
44 41 17
17 25 26
45 9 49
13 10 30
31 34 11
35 1 5
30 18 17
40 29 34
35 23 7
44 6 24
20 44 22
2 34 37
28 13 18
23 5 27
35 5 1
34 37 2
27 37 41
12 13 29
31 12 31
18 25 1
13 12 29
31 34 11
26 17 25
49 36 5
3 5 12
13 40 8
9 6 7
24 44 6
22 20 44
6 24 44
44 41 17
2 34 37
15 37 9
23 5 27
13 40 18
5 49 36
8 4 13
10 12 1
17 48 22
13 18 40
1 12 10
39 35 6
5 12 3
12 1 10
13 8 40
18 19 1
6 9 7
46 28 12
11 34 31
23 7 35
22 48 17
46 32 30
36 49 5
7 23 35
47 30 37
6 7 9
20 44 22
19 2 7
1 19 18
30 13 10
22 5 6
35 6 39
28 18 13
7 23 35
2 49 28
17 44 41
44 41 17
2 19 7
37 34 2
32 30 46
12 10 1
38 35 13
6 7 9
9 6 7
30 47 37
7 19 2
18 25 1
26 50 26
28 12 46
1 40 13
19 2 7
41 27 37
6 9 7
13 18 28
5 27 23
46 12 28
24 36 44
13 4 8
47 37 30
2 7 19
5 36 49
31 34 11
7 6 9
12 10 1
13 29 12
19 2 7
3 43 38
26 26 50
37 34 2
3 38 24
1 35 5
17 44 41
2 19 7
40 29 34
18 1 25
15 37 9
12 19 46
41 17 44
29 13 12
10 12 1
12 10 1
6 9 7
6 5 22
5 3 12
29 12 13
8 13 40
24 44 6
23 35 7
22 44 20
37 47 30
37 2 34
17 41 44
19 2 7
2 34 37
18 1 19
19 1 18
23 7 35
44 6 24
12 13 29
7 9 6
18 40 13
12 13 29
47 30 37
13 30 10
37 41 27
24 38 3
12 29 13
31 11 34
10 1 12
36 44 24
22 48 17
30 32 46
30 46 32
48 6 3
37 15 9
48 22 17
18 25 1
28 18 13
35 13 38
17 25 26
12 46 19
35 13 38
44 41 17
44 36 24
12 10 1
40 34 29
19 46 12
30 37 47
6 5 22
13 8 4
2 37 34
28 2 49
2 19 7
10 13 30
48 3 6
17 44 41
20 22 44
11 31 34
43 38 3
31 11 34
12 46 19
9 45 49
10 13 30
43 38 3
25 18 1
19 1 18
30 47 37
37 30 47
1 5 35
31 11 34
49 5 36
11 31 34
12 46 28
5 49 36
31 12 31
5 22 6
30 47 37
1 10 12
24 38 3
19 18 1
7 9 6
31 31 12
37 29 40
24 20 43
40 8 13
5 38 49
28 12 46
29 12 13
37 2 34
27 37 41
7 19 2
31 12 31
35 13 38
37 15 9
12 10 1
38 49 5
19 7 2
17 26 25
29 40 34
4 8 13
22 48 17
24 36 44
5 23 27
27 23 5
43 38 3
25 18 1
22 5 6
6 22 5
22 5 6
40 18 13
49 38 5
36 35 37
37 36 35
1 25 18
17 44 41
18 13 28
31 12 31
29 13 12
30 32 46
30 37 47
8 4 13
3 38 43
6 44 24
44 20 22
12 46 28
49 5 38
44 20 22
1 25 18
6 5 22
12 1 10
37 34 2
2 34 37
48 22 17
5 1 35
49 38 5
28 12 46
5 49 38
7 35 23
44 36 24
5 23 27
5 22 6
37 34 2
13 29 12
18 1 25
28 13 18
5 6 22
7 9 6
9 7 6
44 41 17
12 29 13
36 44 24
6 22 5
40 13 1
37 34 2
35 37 36
19 2 7
24 44 36
9 7 6
18 23 45
41 17 44
47 37 30
38 3 24
13 4 8
30 46 32
46 30 32
18 17 30
12 46 28
40 34 29
28 12 46
11 31 34
38 3 24
5 6 22
30 13 10
40 13 1
31 31 12
48 22 17
13 8 4
7 23 35
5 27 23
2 19 7
10 13 30
22 44 20
1 18 25
3 48 6
13 18 40
30 46 32
13 18 40
5 22 6
6 44 24
12 13 29
19 2 7
5 49 38
40 29 34
30 37 47
34 11 31
17 25 26
1 18 19
9 6 7
9 15 37
5 22 6
19 12 46
48 17 22
3 48 6
6 24 44
35 38 13
12 10 1
12 31 31
31 12 31
37 41 27
44 22 20
44 20 22
36 44 24
12 46 28
40 13 18
37 27 41
2 19 7
12 13 29
35 5 1
5 38 49
38 5 49
12 28 46
6 24 44
47 37 30
44 6 24
13 8 4
24 6 44
12 31 31
28 12 46
23 7 35
46 28 12
6 9 7
44 22 20
13 40 18
17 22 48
35 1 5
1 18 25
31 12 31
46 28 12
44 24 36
1 19 18
41 44 17
36 5 49
17 26 25
13 18 28
12 31 31
18 25 1
34 11 31
36 5 49
24 43 20
23 35 7
36 24 44
41 37 27
35 23 7
36 44 24
12 13 29
45 18 23
12 46 19
24 44 6
18 1 19
25 1 18
4 13 8
2 19 7
10 12 1
6 24 44
46 28 12
30 47 37
28 46 12
40 29 37
47 30 37
19 18 1
19 7 2
2 19 7
35 37 36
18 19 1
6 3 48
19 5 16
40 13 18
5 1 35
48 3 6
13 40 18
49 9 45
26 26 50
22 6 5
17 48 22
31 31 12
6 24 44
27 5 23
40 13 1
13 29 12
46 32 30
44 24 6
18 25 1
40 1 13
48 22 17
49 5 38
8 40 13
37 36 35
26 17 25
25 18 1
41 37 27
34 31 11
6 38 16
34 31 11
25 17 26
22 44 20
2 37 34
48 6 3
3 43 38
18 28 13
36 44 24
41 44 17
9 7 6
28 49 2
30 32 46
27 41 37
17 30 18
19 7 2
23 45 18
23 7 35
5 38 49
46 12 28
46 28 12
13 29 12
47 30 37
43 20 24
26 50 26
50 26 26
35 36 37
34 2 37
13 10 30
17 41 44
47 30 37
10 30 13
31 11 34
23 35 7
7 9 6
30 18 17
38 5 49
31 31 12
1 12 10
6 44 24
29 12 13
3 38 24
38 24 3
9 6 7
6 44 24
44 22 20
24 44 6
44 36 24
45 23 18
7 6 9
12 5 3
20 44 22
13 30 10
28 49 2
6 22 5
10 12 1
13 30 10
24 38 3
7 2 19
13 10 30
38 35 13
12 5 3
18 13 28
26 25 17
9 37 15
37 9 15
13 38 35
28 18 13
37 41 27
30 46 32
35 13 38
6 9 7
40 18 13
31 11 34
19 7 2
49 5 38
15 37 9
6 22 5
36 37 35
3 43 38
2 34 37
22 5 6
34 2 37
29 12 13
43 20 24
13 40 8
30 47 37
38 43 3
46 12 19
1 18 25
46 30 32
7 35 23
7 35 23
17 44 41
4 30 39
38 3 24
44 17 41
18 1 19
17 41 44
1 18 19
7 35 23
2 34 37
24 20 43
48 22 17
26 50 26
2 7 19
4 39 30
6 3 48
10 30 13
13 30 10
35 13 38
40 1 13
12 13 29
1 18 19
32 46 30
6 9 7
24 36 44
40 13 18
27 5 23
18 40 13
46 28 12
17 22 48
24 36 44
4 13 8
13 1 40
2 19 7
30 32 46
26 50 26
45 18 23
13 1 40
36 24 44
48 22 17
13 29 12
39 6 35
10 12 1
15 37 9
22 6 5
1 12 10
23 27 5
18 13 28
37 30 47
23 35 7
22 20 44
13 18 28
17 41 44
13 35 38
9 7 6
37 41 27
24 43 20
44 24 6
34 2 37
40 13 18
35 23 7
12 31 31
18 13 28
1 13 40
38 24 3
31 11 34
12 31 31
13 10 30
1 5 35
34 2 37
17 48 22
30 13 10
31 12 31
19 12 46
18 40 13
27 39 12
32 46 30
39 6 35
13 35 38
16 19 5
9 6 7
30 32 46
7 9 6
46 19 12
18 13 40
12 46 28
24 44 36
7 10 30
50 26 26
16 6 38
8 4 13
37 41 27
31 34 11
13 4 8
6 9 7
19 1 18
40 8 13
22 5 6
44 24 6
11 34 31
18 19 1
3 38 24
19 7 2
23 5 27
22 5 6
26 26 50
20 44 22
22 48 17
36 37 35
12 1 10
13 8 4
18 1 25
7 23 35
3 38 43
3 6 48
1 18 25
13 40 1
5 6 22
30 13 10
17 44 41
32 46 30
37 2 34
30 13 10
13 4 8
24 36 44
27 41 37
23 35 7
6 9 7
23 27 5
6 24 44
16 6 38
17 44 41
18 28 13
39 27 12
18 13 28
35 7 23
5 3 12
6 48 3
6 24 44
48 22 17
39 4 30
40 13 1
31 31 12
4 8 13
24 44 36
18 28 13
26 26 50
7 19 2
9 15 37
44 17 41
5 6 22
17 48 22
49 36 5
19 1 18
31 31 12
24 44 36
38 49 5
12 5 3
2 19 7
2 37 34
12 46 19
45 23 18
44 20 22
1 12 10
24 44 6
13 18 40
6 24 44
7 9 6
20 44 22
26 50 26
29 12 13
31 34 11
46 30 32
22 44 20
31 11 34
5 22 6
40 1 13
11 31 34
22 5 6
1 10 12
31 12 31
9 6 7
18 1 19
34 2 37
1 19 18
25 1 18
10 13 30
6 7 9
6 22 5
4 13 8
7 23 35
49 28 2
15 9 37
6 35 39
5 27 23
29 13 12
22 6 5
17 48 22
18 30 17
13 40 1
47 37 30
6 44 24
11 31 34
36 24 44
17 41 44
26 25 17
12 10 1
2 7 19
26 17 25
35 23 7
49 36 5
2 37 34
8 4 13
47 30 37
37 47 30
18 40 13
44 41 17
20 24 43
13 35 38
29 40 37
34 11 31
18 19 1
12 31 31
13 18 40
18 1 19
48 3 6
34 11 31
17 30 18
22 6 5
17 22 48
47 30 37
46 28 12
17 48 22
48 3 6
31 12 31
38 35 13
18 1 19
13 40 18
12 31 31
12 1 10
2 28 49
44 36 24
37 41 27
38 24 3
34 37 2
24 44 6
9 37 15
18 28 13
12 1 10
25 1 18
4 8 13
25 1 18
19 18 1
28 2 49
12 1 10
31 12 31
7 2 19
1 13 40
4 8 13
13 40 18
49 28 2
17 48 22
23 5 27
19 2 7
23 35 7
3 12 5
38 35 13
44 36 24
13 35 38
31 11 34
13 12 29
44 24 6
2 28 49
36 44 24
12 31 31
13 29 12
9 7 6
18 1 25
37 15 9
17 22 48
12 31 31
8 13 40
48 22 17
27 37 41
1 18 25
37 15 9
1 18 19
22 44 20
17 48 22
15 37 9
22 48 17
30 17 18
22 48 17
31 31 12
13 18 28
18 1 25
32 46 30
22 17 48
22 6 5
40 13 1
3 48 6
37 35 36
38 49 5
7 2 19
18 17 30
25 26 17
12 46 28
11 34 31
5 23 27
13 38 35
37 35 36
6 44 24
44 24 36
44 36 24
2 19 7
7 19 2
1 25 18
46 32 30
9 6 7
13 1 40
9 7 6
18 17 30
19 12 46
7 9 6
26 17 25
13 18 28
44 22 20
13 12 29
12 31 31
1 18 25
40 13 18
44 17 41
31 12 31
6 3 48
35 23 7
1 12 10
13 18 28
44 36 24
17 48 22
26 26 50
17 48 22
1 10 12
24 20 43
36 5 49
6 44 24
18 28 13
34 2 37
34 37 2
34 31 11
18 13 28
43 3 38
37 41 27
47 37 30
23 5 27
31 34 11
40 13 8
37 30 47
8 4 13
25 26 17
24 36 44
18 1 19
20 24 43
44 24 6
38 3 24
37 35 36
23 7 35
30 18 17
11 31 34
36 24 44
47 37 30
43 24 20
7 2 19
13 35 38
49 28 2
15 37 9
25 18 1
24 44 6
27 37 41
6 48 3
22 20 44
38 3 24
16 38 6
6 24 44
7 19 2
13 29 12
1 25 18
31 12 31
13 38 35
17 25 26
28 49 2
40 13 8
49 2 28
31 34 11
44 6 24
44 41 17
34 31 11
12 1 10
13 40 1
24 44 6
35 38 13
43 24 20
19 16 5
22 20 44
44 24 36
2 7 19
23 45 18
2 28 49
5 23 27
9 7 6
24 36 44
1 18 25
40 18 13
38 43 3
34 37 2
44 24 36
37 2 34
34 37 2
30 37 47
27 12 39
18 13 40
18 17 30
26 26 50
8 13 4
49 28 2
22 17 48
17 22 48
1 25 18
31 12 31
36 24 44
37 41 27
12 1 10
10 1 12
12 46 28
3 5 12
38 35 13
41 17 44
9 15 37
19 5 16
38 3 24
30 37 47
40 13 18
10 12 1
20 24 43
19 7 2
6 24 44
6 22 5
44 6 24
9 7 6
3 48 6
13 8 4
5 49 36
30 1500
30 20 23
8 46 46
49 2 26
37 46 39
41 23 26
41 45 12
44 4 47
46 37 39
37 46 39
32 35 30
41 13 49
37 46 39
40 16 45
41 45 12
14 33 33
20 45 45
14 24 50
36 13 23
38 20 3
12 42 21
31 34 44
29 26 46
3 20 38
14 47 28
23 23 3
26 41 23
13 27 21
26 29 46
8 46 46
30 29 47
20 45 45
33 25 6
25 40 14
44 34 31
46 35 27
16 40 45
36 46 8
13 49 41
12 45 41
33 33 14
8 36 46
41 45 12
33 8 21
38 3 20
25 40 14
12 42 21
6 31 20
29 24 35
41 41 34
41 34 41
25 6 33
2 49 26
29 46 26
14 25 40
15 20 46
43 44 33
4 21 12
29 35 24
46 39 37
20 6 31
11 5 19
41 45 12
29 24 35
41 45 12
20 15 46
40 16 45
44 4 47
13 27 21
23 13 21
47 30 29
36 21 9
28 50 16
16 40 45
32 1 20
13 23 21
14 33 33
24 29 35
35 30 32
46 27 35
2 49 26
35 27 46
41 49 13
9 21 36
16 50 28
33 43 44
33 25 6
45 41 12
35 29 24
3 20 38
37 39 46
14 50 24
6 25 33
29 35 24
30 20 50
45 20 45
30 32 35
41 41 34
20 38 3
35 24 29
41 45 12
16 40 45
9 32 10
28 16 50
34 41 41
21 27 13
13 49 41
20 1 32
16 28 50
33 21 8
44 34 31
8 33 21
41 13 49
46 39 37
25 10 49
45 41 12
47 28 14
4 12 21
49 10 25
48 13 37
14 28 47
3 20 38
26 48 8
49 13 41
20 45 45
34 41 41
6 33 25
30 29 47
3 23 23
21 36 9
31 9 5
41 26 23
14 50 24
26 46 29
50 24 14
25 14 40
26 48 8
20 45 45
10 25 49
7 45 27
12 42 21
12 41 45
27 46 35
49 13 41
33 33 14
30 29 47
21 42 12
16 28 50
5 22 4
48 13 37
1 32 20
41 12 45
20 38 3
8 33 21
16 45 40
24 35 29
21 9 36
24 50 14
29 35 24
42 21 12
41 12 45
46 26 29
21 33 8
31 6 20
28 50 16
49 13 41
24 50 14
8 33 21
16 45 40
46 36 8
3 20 38
23 23 3
24 2 21
27 21 13
41 12 45
14 24 50
23 21 13
6 33 25
8 33 21
18 15 17
42 21 12
37 39 46
14 50 4
41 45 12
20 46 15
25 6 33
49 25 10
46 26 29
29 24 35
36 8 46
25 10 49
34 41 21
47 28 14
25 14 40
46 29 26
49 13 41
28 16 50
27 35 46
38 20 3
29 47 30
12 45 41
15 20 46
41 23 26
50 20 30
49 13 41
25 33 6
48 26 8
3 20 38
12 45 41
13 21 23
4 44 47
10 49 25
13 41 49
24 35 29
31 5 9
31 9 5
33 8 21
6 31 20
9 5 31
40 25 14
41 49 13
24 35 29
20 6 31
34 31 44
24 21 2
34 31 44
46 37 39
20 30 50
23 13 21
36 8 46
21 13 23
29 46 26
26 48 8
50 14 24
15 20 46
36 23 13
13 23 21
34 31 44
8 21 33
46 27 35
41 34 41
28 47 14
46 8 36
13 49 41
21 13 27
26 48 8
36 13 23
40 25 14
1 20 32
21 33 8
6 33 25
39 46 37
23 21 13
5 9 31
8 26 48
12 21 4
8 36 46
21 8 33
8 26 48
14 24 50
12 41 45
44 33 43
14 50 24
25 6 33
46 29 26
16 50 28
40 45 16
12 21 4
4 44 47
46 8 36
29 24 35
20 46 15
8 48 26
43 44 33
21 27 13
47 30 29
48 26 8
13 36 23
45 27 7
50 4 14
36 46 8
35 24 29
21 2 24
13 27 21
3 23 23
34 44 31
24 21 2
33 21 8
35 46 27
33 33 14
37 39 46
40 16 45
29 26 46
48 26 8
41 13 49
45 41 12
12 41 45
44 31 34
43 33 44
33 43 44
33 14 33
25 33 6
43 6 29
35 32 30
29 35 24
42 21 12
8 46 46
35 30 32
26 8 48
47 28 14
49 10 25
29 24 35
35 30 32
47 29 30
45 20 45
23 36 13
26 8 48
33 6 25
20 6 31
6 31 20
38 20 3
46 29 26
46 26 29
24 2 21
40 14 25
29 46 26
35 24 29
21 33 8
41 49 13
8 46 36
26 2 49
8 26 48
46 39 37
12 41 45
6 20 31
14 40 25
46 8 36
10 32 9
14 33 33
41 41 34
36 46 8
42 21 12
26 46 29
6 20 31
20 45 45
21 4 12
19 5 11
43 44 33
8 46 46
30 35 32
33 21 8
13 41 49
41 41 34
24 35 29
41 34 41
27 13 21
16 40 45
24 14 50
12 45 41
50 30 20
50 14 24
14 24 50
49 10 25
47 30 29
49 13 41
16 50 28
46 20 15
13 27 21
43 44 33
41 12 45
14 33 33
42 12 21
24 21 2
35 32 30
23 23 3
8 48 26
49 13 41
33 8 21
50 28 16
44 34 31
2 49 26
28 50 16
9 31 5
13 23 21
7 45 27
37 39 46
48 8 26
13 36 23
49 13 41
21 4 12
3 23 23
32 1 20
13 27 21
36 46 8
14 40 25
23 21 13
14 50 24
50 20 30
35 32 30
21 8 33
29 24 35
47 28 14
4 47 44
46 39 37
45 40 16
3 23 23
29 24 35
13 49 41
20 3 38
43 44 33
30 35 32
29 47 30
41 26 23
21 41 34
35 29 24
45 16 40
30 32 35
31 5 9
35 24 29
29 35 24
8 48 26
46 15 20
45 20 45
23 41 26
47 14 28
13 21 27
14 28 47
30 35 32
23 13 21
31 6 20
1 32 20
46 37 39
41 41 34
20 15 46
48 26 8
27 35 46
46 37 39
25 10 49
50 24 14
25 10 49
33 8 21
8 26 48
21 42 12
33 14 33
20 45 45
6 20 31
5 19 11
6 33 25
46 27 35
21 42 12
41 12 45
33 44 43
4 5 22
49 2 26
12 21 42
45 40 16
44 4 47
12 42 21
23 13 36
31 44 34
33 6 25
1 32 20
1 32 20
20 45 45
41 12 45
46 29 26
34 41 41
12 21 42
21 8 33
8 21 33
13 10 45
13 49 41
10 49 25
27 46 35
24 50 14
35 46 27
33 43 44
46 15 20
46 37 39
33 33 14
26 48 8
20 32 1
28 47 14
4 47 44
50 20 30
20 31 6
40 25 14
16 45 40
8 36 46
27 21 13
30 32 35
5 11 19
31 20 6
28 50 16
46 39 37
26 49 2
21 4 12
33 44 43
28 16 50
3 38 20
24 14 50
14 28 47
14 40 25
21 24 2
33 33 14
25 33 6
41 41 34
2 24 21
19 11 5
29 46 26
31 31 7
6 25 33
3 20 38
20 31 6
47 30 29
37 46 39
14 25 40
13 21 23
26 8 48
12 42 21
23 3 23
1 20 32
28 16 50
8 46 36
13 41 49
12 42 21
26 46 29
14 24 50
9 21 36
13 21 27
34 31 44
11 5 19
10 49 25
45 12 41
31 6 20
19 11 5
3 23 23
41 12 45
8 33 21
27 46 35
36 8 46
45 12 41
21 4 12
26 46 29
35 27 46
35 30 32
36 8 46
12 41 45
45 20 45
45 16 40
8 33 21
45 12 41
25 6 33
35 46 27
8 46 36
13 37 48
33 33 14
20 32 1
33 33 14
12 4 21
35 29 24
14 40 25
19 5 11
8 46 46
26 48 8
31 5 9
48 8 26
21 41 34
46 29 26
35 24 29
31 31 7
27 13 21
20 1 32
26 29 46
26 41 23
16 50 28
19 5 11
21 8 33
34 21 41
12 21 42
29 35 24
26 48 8
21 41 34
29 47 30
20 6 31
30 47 29
20 6 31
29 35 24
41 13 49
44 47 4
47 14 28
16 45 40
35 30 32
21 24 2
33 14 33
25 49 10
30 47 29
14 40 25
46 37 39
3 23 23
40 45 16
33 44 43
13 21 27
12 21 4
45 41 12
33 25 6
14 24 50
33 21 8
21 34 41
26 29 46
50 28 16
11 5 19
8 33 21
24 14 50
28 50 16
29 35 24
45 41 12
28 47 14
43 44 33
12 3 1
26 8 48
3 38 20
8 46 36
10 9 32
27 46 35
34 41 21
3 38 20
3 38 20
23 26 41
6 25 33
44 4 47
13 21 23
24 50 14
3 20 38
26 48 8
8 26 48
45 41 12
26 41 23
13 41 49
46 37 39
45 12 41
45 41 12
21 24 2
25 10 49
11 19 5
45 45 20
46 39 37
30 35 32
20 31 6
47 14 28
20 45 45
3 38 20
20 50 30
41 13 49
21 13 23
34 41 41
17 18 15
50 24 14
29 26 46
45 20 45
34 41 21
4 47 44
50 30 20
25 40 14
50 20 30
33 14 33
35 30 32
50 14 24
16 50 28
29 46 26
31 7 31
49 25 10
47 29 30
12 21 42
21 13 23
8 36 46
14 40 25
28 14 47
29 30 47
41 49 13
26 8 48
25 40 14
14 28 47
33 44 43
48 37 13
30 32 35
21 13 27
35 32 30
25 6 33
32 10 9
42 21 12
40 16 45
41 45 12
45 41 12
21 13 27
1 20 32
46 39 37
31 6 20
20 45 45
40 25 14
3 38 20
33 14 33
41 34 41
40 16 45
32 30 35
30 29 47
20 3 38
44 43 33
45 20 45
12 45 41
37 39 46
35 24 29
30 20 50
21 12 42
47 4 44
41 41 34
23 13 21
8 48 26
3 20 38
6 20 31
44 33 43
30 47 29
16 50 28
31 20 6
8 46 36
24 2 21
32 30 35
16 50 28
1 32 20
47 30 29
26 8 48
38 3 20
45 16 40
13 21 27
37 46 39
20 38 3
23 13 36
50 28 16
6 25 33
26 8 48
23 41 26
20 6 31
50 14 24
49 41 13
5 22 4
47 44 4
16 45 40
41 21 34
34 41 41
12 4 21
44 43 33
41 41 34
49 13 41
35 30 32
38 20 3
41 34 21
12 3 1
14 28 47
40 14 25
45 40 16
41 45 12
36 8 46
32 10 9
8 46 36
30 32 35
29 46 26
50 24 14
44 34 31
35 30 32
50 14 24
44 33 43
38 3 20
26 46 29
21 8 33
10 49 25
10 32 9
23 3 23
30 29 47
40 14 25
29 46 26
50 20 30
36 8 46
35 27 46
46 36 8
29 24 35
39 46 37
40 45 16
26 46 29
21 12 42
38 3 20
47 30 29
35 27 46
50 20 30
42 12 21
41 34 41
35 24 29
20 6 31
26 29 46
16 28 50
46 29 26
33 21 8
37 48 13
21 2 24
33 6 25
20 45 45
14 47 28
40 25 14
20 45 45
35 24 29
26 29 46
50 24 14
33 44 43
10 25 49
14 47 28
49 41 13
33 8 21
48 26 8
33 43 44
25 33 6
33 21 8
10 25 49
33 33 14
6 31 20
13 27 21
35 24 29
13 41 49
8 33 21
35 29 24
33 21 8
26 41 23
10 32 9
46 15 20
33 6 25
33 25 6
2 49 26
37 46 39
28 47 14
23 23 3
28 16 50
21 8 33
20 1 32
33 6 25
47 44 4
26 48 8
10 49 25
6 20 31
13 21 23
29 26 46
29 43 6
10 49 25
26 29 46
21 33 8
24 21 2
21 27 13
35 27 46
44 33 43
14 47 28
30 35 32
41 13 49
23 36 13
35 29 24
10 13 45
8 36 46
29 46 26
13 48 37
13 41 49
46 39 37
31 34 44
35 27 46
5 19 11
21 33 8
29 35 24
39 37 46
1 20 32
13 49 41
46 15 20
37 46 39
6 20 31
1 32 20
31 6 20
20 45 45
47 4 44
3 20 38
37 39 46
5 19 11
29 30 47
30 47 29
7 27 45
23 13 36
28 50 16
21 33 8
12 41 45
50 30 20
13 27 21
28 50 16
34 31 44
41 13 49
41 12 45
24 29 35
35 46 27
50 16 28
13 41 49
33 33 14
13 21 23
33 14 33
41 12 45
44 33 43
28 47 14
44 4 47
45 12 41
37 46 39
16 28 50
26 46 29
24 29 35
1 3 12
46 8 36
28 50 16
21 27 13
34 41 41
9 10 32
29 46 26
40 14 25
4 47 44
15 46 20
3 23 23
27 21 13
21 42 12
37 39 46
44 4 47
41 12 45
20 38 3
3 38 20
49 41 13
25 40 14
47 30 29
29 26 46
24 35 29
34 21 41
8 36 46
27 46 35
20 1 32
46 20 15
44 47 4
32 1 20
44 31 34
23 36 13
21 24 2
33 14 33
29 24 35
27 35 46
45 45 20
13 41 49
9 36 21
13 23 21
41 12 45
8 36 46
24 2 21
29 47 30
26 8 48
35 29 24
46 39 37
33 43 44
30 47 29
46 37 39
21 33 8
15 20 46
31 34 44
36 23 13
8 26 48
26 8 48
13 27 21
14 4 50
33 33 14
29 47 30
27 35 46
45 41 12
34 41 41
33 21 8
50 20 30
21 36 9
24 14 50
41 13 49
44 34 31
9 10 32
29 24 35
21 34 41
23 23 3
36 8 46
47 28 14
33 14 33
41 45 12
25 49 10
16 40 45
42 12 21
34 44 31
41 45 12
15 46 20
11 19 5
14 28 47
30 47 29
41 13 49
27 46 35
29 30 47
26 48 8
45 20 45
47 44 4
27 46 35
46 36 8
20 31 6
21 13 23
26 23 41
50 20 30
8 21 33
46 35 27
28 16 50
11 5 19
45 20 45
6 25 33
20 6 31
39 37 46
15 46 20
33 43 44
21 13 27
3 38 20
3 23 23
3 38 20
8 48 26
12 21 42
41 49 13
9 5 31
33 43 44
34 21 41
46 8 36
20 30 50
46 37 39
41 26 23
26 46 29
14 4 50
8 46 46
26 23 41
40 45 16
32 35 30
20 45 45
46 37 39
13 49 41
21 8 33
45 41 12
34 41 41
24 35 29
8 21 33
29 46 26
12 21 42
8 36 46
8 26 48
46 46 8
46 8 46
13 27 21
28 16 50
28 47 14
6 33 25
13 41 49
27 21 13
21 2 24
30 35 32
48 26 8
37 48 13
33 14 33
36 9 21
49 41 13
10 49 25
41 34 41
42 12 21
38 3 20
26 48 8
12 45 41
2 24 21
50 14 4
35 24 29
42 21 12
26 49 2
16 40 45
20 31 6
39 46 37
5 11 19
48 26 8
31 9 5
27 13 21
47 29 30
27 13 21
9 31 5
50 20 30
13 23 21
48 26 8
50 14 24
46 37 39
21 27 13
49 26 2
25 14 40
8 48 26
46 35 27
15 20 46
47 29 30
32 1 20
24 21 2
28 50 16
20 46 15
48 8 26
48 37 13
16 50 28
6 43 29
46 35 27
20 45 45
29 35 24
14 25 40
24 29 35
16 28 50
34 41 21
19 5 11
24 35 29
33 25 6
4 47 44
29 47 30
30 50 20
48 26 8
45 16 40
20 45 45
20 6 31
21 13 27
46 26 29
16 28 50
45 16 40
37 46 39
33 14 33
46 29 26
35 29 24
23 36 13
26 8 48
21 23 13
4 44 47
36 8 46
4 21 12
24 35 29
29 30 47
21 33 8
21 42 12
23 23 3
25 10 49
30 32 35
35 32 30
30 29 47
50 16 28
41 41 34
45 20 45
46 35 27
24 21 2
45 12 41
46 29 26
43 33 44
39 37 46
27 21 13
24 14 50
19 11 5
34 41 41
23 26 41
30 50 20
3 20 38
27 13 21
46 26 29
41 23 26
50 16 28
29 46 26
1 32 20
7 31 31
43 44 33
34 44 31
26 29 46
5 9 31
49 13 41
21 2 24
50 30 20
21 8 33
50 24 14
41 49 13
14 25 40
36 9 21
40 25 14
46 26 29
35 30 32
50 14 24
35 46 27
45 16 40
6 33 25
44 4 47
42 12 21
32 30 35
41 41 34
6 31 20
35 27 46
33 44 43
20 46 15
45 12 41
35 29 24
11 5 19
29 26 46
28 47 14
20 45 45
47 30 29
21 33 8
36 23 13
21 8 33
10 25 49
25 6 33
41 41 34
26 48 8
13 49 41
16 40 45
45 12 41
46 20 15
24 50 14
39 37 46
27 35 46
34 41 41
45 16 40
37 46 39
44 4 47
28 16 50
32 1 20
32 1 20
29 47 30
37 46 39
34 21 41
35 46 27
49 13 41
28 14 47
32 35 30
14 28 47
21 4 12
36 9 21
26 2 49
38 20 3
45 10 13
45 20 45
11 5 19
33 14 33
38 20 3
33 25 6
49 41 13
28 16 50
26 41 23
8 21 33
4 21 12
33 8 21
25 40 14
11 19 5
1 32 20
50 28 16
37 46 39
49 13 41
29 24 35
29 24 35
29 35 24
49 26 2
36 21 9
8 26 48
45 20 45
34 31 44
20 45 45
21 27 13
41 41 34
20 15 46
46 46 8
20 38 3
48 26 8
46 29 26
46 26 29
3 38 20
8 46 36
41 12 45
41 41 34
49 13 41
41 49 13
45 20 45
34 41 41
48 8 26
46 20 15
20 15 46
26 48 8
41 26 23
28 50 16
46 27 35
31 20 6
46 39 37
31 6 20
41 41 34
16 50 28
28 16 50
8 46 46
25 10 49
14 50 24
50 14 24
20 38 3
23 21 13
13 41 49
21 24 2
26 48 8
31 5 9
48 26 8
21 23 13
33 14 33
23 13 36
19 11 5
44 47 4
43 33 44
46 46 8
50 14 24
21 27 13
6 33 25
41 34 41
26 41 23
34 41 41
1 20 32
27 13 21
24 29 35
32 20 1
7 31 31
27 21 13
13 41 49
33 25 6
31 9 5
34 44 31
19 5 11
21 24 2
4 14 50
34 31 44
13 21 27
41 12 45
41 21 34
21 42 12
20 1 32
36 46 8
45 12 41
34 41 41
12 45 41
20 1 32
21 12 42
21 13 27
10 25 49
21 27 13
14 40 25
3 38 20
20 45 45
46 39 37
14 33 33
28 16 50
36 8 46
23 13 36
8 46 46
50 16 28
28 50 16
35 24 29
29 35 24
24 50 14
48 8 26
23 21 13
28 47 14
33 8 21
46 27 35
47 14 28
1 32 20
28 16 50
37 39 46
25 10 49
31 20 6
8 46 36
12 41 45
50 16 28
20 3 38
26 29 46
27 13 21
41 41 34
47 30 29
29 46 26
46 8 36
39 46 37
35 30 32
8 36 46
39 37 46
45 41 12
40 25 14
46 29 26
45 16 40
36 46 8
14 25 40
10 49 25
42 21 12
45 40 16
10 49 25
46 46 8
21 8 33
45 7 27
33 21 8
10 49 25
8 48 26
46 39 37
21 27 13
10 25 49
20 45 45
48 8 26
44 47 4
45 20 45
21 23 13
21 42 12
30 47 29
49 13 41
25 40 14
33 6 25
46 35 27
24 2 21
10 25 49
36 21 9
6 33 25
31 44 34
30 50 20
33 21 8
45 27 7
12 21 42
20 3 38
29 30 47
14 33 33
40 45 16
16 50 28
21 13 27
44 34 31
3 38 20
12 45 41
33 6 25
25 6 33
37 39 46
42 21 12
31 34 44
24 2 21
50 14 24
13 21 27
46 26 29
21 33 8
13 23 36
8 36 46
24 14 50
40 14 25
45 13 10
8 48 26
8 26 48
41 13 49
20 46 15
36 46 8
14 25 40
29 47 30
29 26 46
24 14 50
8 21 33
29 24 35
14 47 28
35 46 27
13 36 23
12 21 42
31 9 5
36 8 46
23 36 13
41 34 41
5 22 4
13 27 21
26 48 8
44 34 31
36 23 13
31 34 44
2 21 24
25 49 10
34 31 44
8 33 21
38 20 3
32 20 1
16 45 40
24 35 29
13 49 41
13 37 48
21 42 12
26 46 29
6 20 31
46 36 8
21 13 23
20 3 38
38 20 3
5 11 19
24 29 35
23 13 21
47 29 30
33 14 33
36 13 23
29 47 30
2 26 49
25 14 40
32 1 20
0 0
