25
1 3 2 5 7 9 4 6 8
4 9 8 2 6 1 3 7 5
7 5 6 3 8 4 2 1 9
6 4 3 1 5 8 7 9 2
5 2 1 7 9 3 8 4 6
9 8 7 4 2 6 5 3 1
2 1 4 9 3 5 6 8 7
3 6 5 8 1 7 9 2 4
8 7 9 6 4 2 1 5 3
3 1 2 5 7 9 4 6 8
4 9 8 2 6 1 3 7 5
7 5 6 3 8 4 2 1 9
6 4 3 1 5 8 7 9 2
5 2 1 7 9 3 8 4 6
9 8 7 4 2 6 5 3 1
2 1 4 9 3 5 6 8 7
3 6 5 8 1 7 9 2 4
8 7 9 6 4 2 1 5 3
1 3 2 5 7 9 4 6 8
9 4 8 2 6 1 3 7 5
7 5 6 3 8 4 2 1 9
6 4 3 1 5 8 7 9 2
5 2 1 7 9 3 8 4 6
9 8 7 4 2 6 5 3 1
2 1 4 9 3 5 6 8 7
3 6 5 8 1 7 9 2 4
8 7 9 6 4 2 1 5 3
1 3 2 5 7 9 4 6 8
4 9 8 2 6 1 3 7 5
5 7 6 3 8 4 2 1 9
6 4 3 1 5 8 7 9 2
5 2 1 7 9 3 8 4 6
9 8 7 4 2 6 5 3 1
2 1 4 9 3 5 6 8 7
3 6 5 8 1 7 9 2 4
8 7 9 6 4 2 1 5 3
1 3 2 5 7 9 4 6 8
4 9 8 2 6 1 3 7 5
7 5 6 3 8 4 2 1 9
4 6 3 1 5 8 7 9 2
5 2 1 7 9 3 8 4 6
9 8 7 4 2 6 5 3 1
2 1 4 9 3 5 6 8 7
3 6 5 8 1 7 9 2 4
8 7 9 6 4 2 1 5 3
1 3 2 5 7 9 4 6 8
4 9 8 2 6 1 3 7 5
7 5 6 3 8 4 2 1 9
6 4 3 1 5 8 7 9 2
2 5 1 7 9 3 8 4 6
9 8 7 4 2 6 5 3 1
2 1 4 9 3 5 6 8 7
3 6 5 8 1 7 9 2 4
8 7 9 6 4 2 1 5 3
1 3 2 5 7 9 4 6 8
4 9 8 2 6 1 3 7 5
7 5 6 3 8 4 2 1 9
6 4 3 1 5 8 7 9 2
5 2 1 7 9 3 8 4 6
8 9 7 4 2 6 5 3 1
2 1 4 9 3 5 6 8 7
3 6 5 8 1 7 9 2 4
8 7 9 6 4 2 1 5 3
1 3 2 5 7 9 4 6 8
4 9 8 2 6 1 3 7 5
7 5 6 3 8 4 2 1 9
6 4 3 1 5 8 7 9 2
5 2 1 7 9 3 8 4 6
9 8 7 4 2 6 5 3 1
1 2 4 9 3 5 6 8 7
3 6 5 8 1 7 9 2 4
8 7 9 6 4 2 1 5 3
1 3 2 5 7 9 4 6 8
4 9 8 2 6 1 3 7 5
7 5 6 3 8 4 2 1 9
6 4 3 1 5 8 7 9 2
5 2 1 7 9 3 8 4 6
9 8 7 4 2 6 5 3 1
2 1 4 9 3 5 6 8 7
6 3 5 8 1 7 9 2 4
8 7 9 6 4 2 1 5 3
1 3 2 5 7 9 4 6 8
4 9 8 2 6 1 3 7 5
7 5 6 3 8 4 2 1 9
6 4 3 1 5 8 7 9 2
5 2 1 7 9 3 8 4 6
9 8 7 4 2 6 5 3 1
2 1 4 9 3 5 6 8 7
3 6 5 8 1 7 9 2 4
7 8 9 6 4 2 1 5 3
3 1 2 5 7 9 4 6 8
4 9 8 2 6 1 3 7 5
7 5 6 3 8 4 2 1 9
6 4 3 1 5 8 7 9 2
5 2 1 7 9 3 8 4 6
9 8 7 4 2 6 5 3 1
2 1 4 9 3 5 6 8 7
3 6 5 8 1 7 9 2 4
8 7 9 6 4 2 1 5 3
1 2 3 5 7 9 4 6 8
4 9 8 2 6 1 3 7 5
7 5 6 3 8 4 2 1 9
6 4 3 1 5 8 7 9 2
5 2 1 7 9 3 8 4 6
9 8 7 4 2 6 5 3 1
2 1 4 9 3 5 6 8 7
3 6 5 8 1 7 9 2 4
8 7 9 6 4 2 1 5 3
1 3 5 2 7 9 4 6 8
4 9 8 2 6 1 3 7 5
7 5 6 3 8 4 2 1 9
6 4 3 1 5 8 7 9 2
5 2 1 7 9 3 8 4 6
9 8 7 4 2 6 5 3 1
2 1 4 9 3 5 6 8 7
3 6 5 8 1 7 9 2 4
8 7 9 6 4 2 1 5 3
1 3 2 7 5 9 4 6 8
4 9 8 2 6 1 3 7 5
7 5 6 3 8 4 2 1 9
6 4 3 1 5 8 7 9 2
5 2 1 7 9 3 8 4 6
9 8 7 4 2 6 5 3 1
2 1 4 9 3 5 6 8 7
3 6 5 8 1 7 9 2 4
8 7 9 6 4 2 1 5 3
1 3 2 5 9 7 4 6 8
4 9 8 2 6 1 3 7 5
7 5 6 3 8 4 2 1 9
6 4 3 1 5 8 7 9 2
5 2 1 7 9 3 8 4 6
9 8 7 4 2 6 5 3 1
2 1 4 9 3 5 6 8 7
3 6 5 8 1 7 9 2 4
8 7 9 6 4 2 1 5 3
1 3 2 5 7 4 9 6 8
4 9 8 2 6 1 3 7 5
7 5 6 3 8 4 2 1 9
6 4 3 1 5 8 7 9 2
5 2 1 7 9 3 8 4 6
9 8 7 4 2 6 5 3 1
2 1 4 9 3 5 6 8 7
3 6 5 8 1 7 9 2 4
8 7 9 6 4 2 1 5 3
1 3 2 5 7 9 6 4 8
4 9 8 2 6 1 3 7 5
7 5 6 3 8 4 2 1 9
6 4 3 1 5 8 7 9 2
5 2 1 7 9 3 8 4 6
9 8 7 4 2 6 5 3 1
2 1 4 9 3 5 6 8 7
3 6 5 8 1 7 9 2 4
8 7 9 6 4 2 1 5 3
1 3 2 5 7 9 4 8 6
4 9 8 2 6 1 3 7 5
7 5 6 3 8 4 2 1 9
6 4 3 1 5 8 7 9 2
5 2 1 7 9 3 8 4 6
9 8 7 4 2 6 5 3 1
2 1 4 9 3 5 6 8 7
3 6 5 8 1 7 9 2 4
8 7 9 6 4 2 1 5 3
1 3 2 5 7 9 4 6 8
4 9 8 2 6 1 3 7 5
7 5 3 6 8 4 2 1 9
6 4 3 1 5 8 7 9 2
5 2 1 7 9 3 8 4 6
9 8 7 4 2 6 5 3 1
2 1 4 9 3 5 6 8 7
3 6 5 8 1 7 9 2 4
8 7 9 6 4 2 1 5 3
1 3 2 5 7 9 4 6 8
4 9 8 2 6 1 3 7 5
7 5 6 3 8 2 4 1 9
6 4 3 1 5 8 7 9 2
5 2 1 7 9 3 8 4 6
9 8 7 4 2 6 5 3 1
2 1 4 9 3 5 6 8 7
3 6 5 8 1 7 9 2 4
8 7 9 6 4 2 1 5 3
1 3 2 5 7 9 4 6 8
4 9 8 2 6 1 3 7 5
7 5 6 3 8 4 2 1 9
6 4 3 1 5 8 7 9 2
5 2 1 7 9 3 8 4 6
9 8 4 7 2 6 5 3 1
2 1 4 9 3 5 6 8 7
3 6 5 8 1 7 9 2 4
8 7 9 6 4 2 1 5 3
1 3 2 5 7 9 4 6 8
4 9 8 2 6 1 3 7 5
7 5 6 3 8 4 2 1 9
6 4 3 1 5 8 7 9 2
5 2 1 7 9 3 8 4 6
9 8 7 4 2 5 6 3 1
2 1 4 9 3 5 6 8 7
3 6 5 8 1 7 9 2 4
8 7 9 6 4 2 1 5 3
1 3 2 5 7 9 4 6 8
4 9 8 2 6 1 3 7 5
7 5 6 3 8 4 2 1 9
6 4 3 1 5 8 7 9 2
5 2 1 7 9 3 8 4 6
9 8 7 4 2 6 5 3 1
2 1 4 9 3 5 6 8 7
3 6 5 8 1 7 9 2 4
8 7 9 6 4 2 1 5 3
1 3 2 5 7 9 4 6 8
4 9 8 2 6 1 3 7 5
7 5 6 3 8 4 2 1 9
6 4 3 1 5 8 7 9 2
5 2 1 7 9 3 8 4 6
9 8 7 4 2 6 5 3 1
2 1 4 9 3 5 6 8 7
3 6 5 8 1 7 9 2 4
8 7 9 6 4 2 1 3 5
6 1 8 9 7 2 3 4 5
9 7 2 3	4 5 6 1	8
3 4 5 6	1 8 7 2 9
8 3 4 2	9 7 5 6 1
5 6 9 8	3 1 4 7 2
7 2 1 5	6 4 8 9 3
1 5 6 7	2 3 9 8 4
4 9 3 1	8 6 2 5 7
2 8 7 4	5 9 1 3 6
