1000
98 113
26 78
45 57
85 69
83 3
49 27
11 29
61 5
3 81
92 76
99 33
88 114
52 26
99 70
75 106
63 9
45 43
69 10
85 94
69 61
36 117
79 9
52 68
29 73
20 45
95 65
19 36
19 54
32 71
23 99
73 62
15 85
14 12
51 114
55 40
92 96
8 53
86 85
33 108
6 48
79 55
17 19
38 78
13 24
95 48
22 75
99 102
35 106
13 28
14 72
72 86
90 105
84 11
36 89
95 109
64 91
67 34
12 103
11 40
69 86
54 46
57 17
79 37
85 116
37 50
52 117
60 13
67 109
4 71
18 37
54 1
11 63
93 98
82 82
99 16
93 98
44 88
5 61
14 67
52 56
42 109
8 81
18 17
23 116
99 96
97 106
61 11
88 102
25 0
42 75
37 57
84 99
26 96
88 60
11 8
56 71
73 95
73 78
51 52
27 103
58 96
23 72
44 52
29 69
18 81
24 45
2 119
10 120
84 70
16 29
19 13
20 104
34 90
21 115
38 95
9 55
61 84
94 66
77 83
39 111
20 97
11 113
78 59
34 105
93 59
11 117
61 0
30 87
16 62
7 64
100 83
71 48
11 47
25 15
97 118
55 66
72 0
33 52
52 104
58 38
18 16
79 53
67 25
37 84
4 120
71 8
64 22
75 120
68 50
11 50
91 99
43 81
2 110
37 59
93 91
77 114
14 91
39 107
5 81
93 6
6 62
65 91
99 39
19 58
85 85
98 54
80 112
5 71
61 67
83 28
68 54
88 98
30 45
62 60
25 39
47 47
21 100
93 56
81 25
29 49
70 1
81 16
67 4
39 116
30 96
83 89
94 101
17 41
2 31
66 116
72 84
81 18
69 83
7 3
57 90
3 29
54 105
68 113
86 11
79 108
40 60
29 69
54 49
93 103
25 58
86 79
76 18
76 90
100 7
39 69
51 50
32 117
62 82
19 70
85 104
20 82
84 15
98 0
9 58
8 92
15 109
6 107
69 104
80 85
15 65
42 14
29 67
8 54
41 25
42 41
17 15
58 29
46 92
44 27
95 23
55 102
85 75
22 59
91 73
70 75
8 61
46 50
60 60
22 109
28 56
93 47
42 55
89 81
29 87
76 90
19 10
88 39
99 65
86 47
57 18
92 79
99 116
64 113
91 119
100 100
19 6
44 3
63 80
41 44
65 38
83 95
29 107
100 118
48 21
58 28
19 113
23 3
64 114
29 29
72 46
97 56
33 24
51 77
53 116
6 4
75 32
67 80
82 120
80 12
13 55
19 94
10 117
72 85
34 8
83 51
99 55
33 89
78 89
50 66
63 18
76 82
3 110
86 3
42 91
47 57
33 112
63 34
30 8
14 20
65 71
24 83
37 22
29 84
55 13
94 95
14 36
43 27
52 48
70 100
12 45
20 47
69 114
67 116
90 35
88 48
74 92
26 112
94 68
71 87
24 22
17 10
6 28
95 112
15 11
41 89
5 30
21 85
41 32
92 8
7 106
36 106
97 78
51 45
53 26
44 104
96 2
4 83
74 51
56 39
76 118
98 16
5 24
65 86
60 57
44 76
72 110
61 77
97 65
70 117
34 67
100 14
80 38
88 93
62 90
15 84
6 4
88 37
71 55
4 9
26 42
81 118
18 57
67 120
59 64
11 91
3 96
20 97
4 19
16 1
60 9
22 1
5 78
13 57
3 53
86 89
97 62
9 16
16 52
58 20
94 14
41 107
61 1
86 36
86 105
19 71
57 16
99 43
94 56
84 88
42 26
26 94
22 21
18 52
47 111
2 86
35 76
54 55
87 79
80 19
73 44
43 97
88 24
28 42
53 10
65 111
36 30
71 95
40 20
43 42
31 53
99 60
73 96
17 75
99 45
48 49
99 22
19 57
26 27
63 107
85 91
68 69
72 26
34 4
48 111
40 101
63 113
17 9
25 19
50 37
53 81
68 94
89 103
54 64
54 64
50 25
51 14
85 44
15 73
24 65
1 35
40 120
44 15
88 90
95 57
90 110
86 6
18 68
58 92
78 73
26 34
39 78
34 31
28 77
32 38
89 26
41 115
33 72
17 95
76 85
46 86
19 43
2 25
8 14
47 56
66 31
6 3
77 32
11 50
54 82
68 104
1 84
72 118
14 46
31 106
78 29
99 79
38 106
48 55
49 65
87 115
6 66
95 40
44 27
46 86
37 59
75 23
73 88
20 30
35 90
77 69
88 24
65 36
27 99
81 41
45 100
31 52
42 29
73 73
83 48
62 76
2 20
76 73
7 68
98 107
60 52
52 83
3 13
45 103
87 6
60 99
40 10
58 59
95 5
23 76
40 46
39 59
86 15
3 107
80 69
84 0
2 33
28 97
16 98
98 63
60 91
22 51
70 89
37 91
35 90
38 26
58 104
83 74
43 36
98 23
97 101
74 14
23 76
16 17
85 81
41 91
80 48
79 16
75 63
28 34
83 32
49 23
46 106
19 90
11 89
70 10
61 42
56 45
68 22
36 115
36 115
46 71
53 119
78 17
59 62
14 36
43 51
29 49
10 91
70 98
8 22
78 92
7 98
9 41
65 86
81 6
92 5
12 106
77 75
11 28
90 29
4 32
32 117
26 11
91 87
9 49
4 60
48 54
41 6
69 68
23 110
87 86
76 54
59 109
58 114
43 75
37 71
61 32
16 113
95 62
61 88
3 36
14 106
48 16
62 70
97 77
32 22
94 120
10 67
1 88
22 105
82 112
34 90
74 95
13 86
28 66
24 31
10 80
69 97
87 29
38 56
77 65
34 102
16 45
81 62
71 103
44 56
3 119
46 2
58 61
53 115
31 106
85 8
78 38
87 34
16 52
65 5
84 107
52 113
44 116
9 40
32 23
44 58
31 53
74 49
14 18
86 104
9 98
78 56
12 103
31 75
93 89
11 25
15 82
57 49
40 77
46 117
98 80
94 96
58 18
80 29
70 28
39 63
85 102
73 4
8 37
45 33
79 102
4 13
61 117
39 36
8 65
76 84
13 71
82 71
51 46
62 69
45 84
91 117
76 86
36 62
85 112
93 44
16 1
8 32
35 117
97 120
94 95
15 103
74 88
12 91
54 100
14 112
80 35
4 13
53 116
33 13
88 18
19 17
16 39
51 32
40 91
19 21
15 88
79 115
5 76
100 112
48 117
98 118
6 67
21 72
18 62
95 70
84 101
47 120
31 108
93 52
5 71
72 4
29 62
48 95
17 55
14 96
25 112
41 61
16 107
34 71
51 42
86 45
98 33
22 22
88 5
26 1
82 39
6 106
4 110
71 29
46 96
38 74
80 100
67 70
89 6
83 14
5 52
69 53
46 65
98 11
87 11
79 16
46 108
88 88
80 14
58 45
58 5
5 65
86 70
67 27
30 7
60 95
8 92
74 82
67 115
16 7
37 93
38 102
98 21
31 62
4 11
23 83
66 98
93 1
54 43
67 16
66 62
69 10
27 64
60 56
25 120
1 33
22 54
61 88
93 107
97 106
64 56
72 6
81 109
100 51
5 108
22 41
50 78
98 71
71 115
87 110
42 26
87 32
29 106
38 56
80 92
35 47
57 104
19 97
37 20
72 29
62 119
52 94
94 33
20 29
23 77
47 99
27 116
96 59
23 101
55 77
30 65
37 37
51 58
34 28
22 52
3 58
94 47
14 60
61 105
17 55
72 4
32 89
51 42
62 109
7 38
98 43
40 69
16 27
89 23
95 62
17 69
3 103
77 14
22 31
12 56
26 93
82 71
31 59
40 116
71 18
26 14
21 102
61 52
62 100
56 6
73 67
62 102
98 68
90 118
65 65
26 67
32 52
56 94
66 29
42 70
89 101
99 31
75 5
38 83
53 63
43 60
39 18
84 64
31 19
90 45
27 87
76 50
65 74
6 78
58 53
98 23
34 4
19 117
8 94
71 18
43 77
15 77
99 51
36 87
21 10
40 20
89 37
25 113
75 120
54 109
96 10
7 22
1 19
18 57
72 120
19 96
74 24
11 115
20 3
61 90
46 61
9 95
1 111
94 53
93 91
89 77
62 29
59 45
6 14
71 6
79 96
63 55
32 42
12 92
6 34
60 11
57 84
76 83
9 105
59 3
62 23
14 68
78 64
31 24
45 90
58 40
77 112
10 19
91 68
6 93
57 56
25 63
94 101
58 19
27 120
55 106
16 15
66 24
58 56
93 106
94 72
69 75
46 37
89 17
2 119
84 85
73 64
35 66
41 99
47 105
1 78
74 83
62 59
64 60
20 82
5 10
17 84
98 72
30 17
88 55
1 63
83 37
87 47
98 115
34 8
10 85
42 37
66 103
28 110
62 95
11 83
55 30
54 78
81 18
73 39
50 70
72 17
46 42
61 98
43 36
58 60
88 0
25 63
68 112
90 115
20 77
46 22
45 107
65 60
31 99
51 62
79 70
15 70
22 95
28 62
58 116
11 18
24 6
60 47
15 109
4 6
11 28
3 60
