999 2000
103 1002
106 1004
109 1006
112 1008
115 1010
118 1012
121 1014
124 1016
127 1018
130 1020
133 1022
136 1024
139 1026
142 1028
145 1030
148 1032
151 1034
154 1036
157 1038
160 1040
163 1042
166 1044
169 1046
172 1048
175 1050
178 1052
181 1054
184 1056
187 1058
190 1060
193 1062
196 1064
199 1066
202 1068
205 1070
208 1072
211 1074
214 1076
217 1078
220 1080
223 1082
226 1084
229 1086
232 1088
235 1090
238 1092
241 1094
244 1096
247 1098
250 1100
253 1102
256 1104
259 1106
262 1108
265 1110
268 1112
271 1114
274 1116
277 1118
280 1120
283 1122
286 1124
289 1126
292 1128
295 1130
298 1132
301 1134
304 1136
307 1138
310 1140
313 1142
316 1144
319 1146
322 1148
325 1150
328 1152
331 1154
334 1156
337 1158
340 1160
343 1162
346 1164
349 1166
352 1168
355 1170
358 1172
361 1174
364 1176
367 1178
370 1180
373 1182
376 1184
379 1186
382 1188
385 1190
388 1192
391 1194
394 1196
397 1198
400 1200
403 1202
406 1204
409 1206
412 1208
415 1210
418 1212
421 1214
424 1216
427 1218
430 1220
433 1222
436 1224
439 1226
442 1228
445 1230
448 1232
451 1234
454 1236
457 1238
460 1240
463 1242
466 1244
469 1246
472 1248
475 1250
478 1252
481 1254
484 1256
487 1258
490 1260
493 1262
496 1264
499 1266
502 1268
505 1270
508 1272
511 1274
514 1276
517 1278
520 1280
523 1282
526 1284
529 1286
532 1288
535 1290
538 1292
541 1294
544 1296
547 1298
550 1300
553 1302
556 1304
559 1306
562 1308
565 1310
568 1312
571 1314
574 1316
577 1318
580 1320
583 1322
586 1324
589 1326
592 1328
595 1330
598 1332
601 1334
604 1336
607 1338
610 1340
613 1342
616 1344
619 1346
622 1348
625 1350
628 1352
631 1354
634 1356
637 1358
640 1360
643 1362
646 1364
649 1366
652 1368
655 1370
658 1372
661 1374
664 1376
667 1378
670 1380
673 1382
676 1384
679 1386
682 1388
685 1390
688 1392
691 1394
694 1396
697 1398
700 1400
703 1402
706 1404
709 1406
712 1408
715 1410
718 1412
721 1414
724 1416
727 1418
730 1420
733 1422
736 1424
739 1426
742 1428
745 1430
748 1432
751 1434
754 1436
757 1438
760 1440
763 1442
766 1444
769 1446
772 1448
775 1450
778 1452
781 1454
784 1456
787 1458
790 1460
793 1462
796 1464
799 1466
802 1468
805 1470
808 1472
811 1474
814 1476
817 1478
820 1480
823 1482
826 1484
829 1486
832 1488
835 1490
838 1492
841 1494
844 1496
847 1498
850 1500
853 1502
856 1504
859 1506
862 1508
865 1510
868 1512
871 1514
874 1516
877 1518
880 1520
883 1522
886 1524
889 1526
892 1528
895 1530
898 1532
901 1534
904 1536
907 1538
910 1540
913 1542
916 1544
919 1546
922 1548
925 1550
928 1552
931 1554
934 1556
937 1558
940 1560
943 1562
946 1564
949 1566
952 1568
955 1570
958 1572
961 1574
964 1576
967 1578
970 1580
973 1582
976 1584
979 1586
982 1588
985 1590
988 1592
991 1594
994 1596
997 1598
1000 1600
1003 1602
1006 1604
1009 1606
1012 1608
1015 1610
1018 1612
1021 1614
1024 1616
1027 1618
1030 1620
1033 1622
1036 1624
1039 1626
1042 1628
1045 1630
1048 1632
1051 1634
1054 1636
1057 1638
1060 1640
1063 1642
1066 1644
1069 1646
1072 1648
1075 1650
1078 1652
1081 1654
1084 1656
1087 1658
1090 1660
1093 1662
1096 1664
1099 1666
1102 1668
1105 1670
1108 1672
1111 1674
1114 1676
1117 1678
1120 1680
1123 1682
1126 1684
1129 1686
1132 1688
1135 1690
1138 1692
1141 1694
1144 1696
1147 1698
1150 1700
1153 1702
1156 1704
1159 1706
1162 1708
1165 1710
1168 1712
1171 1714
1174 1716
1177 1718
1180 1720
1183 1722
1186 1724
1189 1726
1192 1728
1195 1730
1198 1732
1201 1734
1204 1736
1207 1738
1210 1740
1213 1742
1216 1744
1219 1746
1222 1748
1225 1750
1228 1752
1231 1754
1234 1756
1237 1758
1240 1760
1243 1762
1246 1764
1249 1766
1252 1768
1255 1770
1258 1772
1261 1774
1264 1776
1267 1778
1270 1780
1273 1782
1276 1784
1279 1786
1282 1788
1285 1790
1288 1792
1291 1794
1294 1796
1297 1798
1300 1800
1303 1802
1306 1804
1309 1806
1312 1808
1315 1810
1318 1812
1321 1814
1324 1816
1327 1818
1330 1820
1333 1822
1336 1824
1339 1826
1342 1828
1345 1830
1348 1832
1351 1834
1354 1836
1357 1838
1360 1840
1363 1842
1366 1844
1369 1846
1372 1848
1375 1850
1378 1852
1381 1854
1384 1856
1387 1858
1390 1860
1393 1862
1396 1864
1399 1866
1402 1868
1405 1870
1408 1872
1411 1874
1414 1876
1417 1878
1420 1880
1423 1882
1426 1884
1429 1886
1432 1888
1435 1890
1438 1892
1441 1894
1444 1896
1447 1898
1450 1900
1453 1902
1456 1904
1459 1906
1462 1908
1465 1910
1468 1912
1471 1914
1474 1916
1477 1918
1480 1920
1483 1922
1486 1924
1489 1926
1492 1928
1495 1930
1498 1932
1501 1934
1504 1936
1507 1938
1510 1940
1513 1942
1516 1944
1519 1946
1522 1948
1525 1950
1528 1952
1531 1954
1534 1956
1537 1958
1540 1960
1543 1962
1546 1964
1549 1966
1552 1968
1555 1970
1558 1972
1561 1974
1564 1976
1567 1978
1570 1980
1573 1982
1576 1984
1579 1986
1582 1988
1585 1990
1588 1992
1591 1994
1594 1996
1597 1998
1600 2000
1603 2002
1606 2004
1609 2006
1612 2008
1615 2010
1618 2012
1621 2014
1624 2016
1627 2018
1630 2020
1633 2022
1636 2024
1639 2026
1642 2028
1645 2030
1648 2032
1651 2034
1654 2036
1657 2038
1660 2040
1663 2042
1666 2044
1669 2046
1672 2048
1675 2050
1678 2052
1681 2054
1684 2056
1687 2058
1690 2060
1693 2062
1696 2064
1699 2066
1702 2068
1705 2070
1708 2072
1711 2074
1714 2076
1717 2078
1720 2080
1723 2082
1726 2084
1729 2086
1732 2088
1735 2090
1738 2092
1741 2094
1744 2096
1747 2098
1750 2100
1753 2102
1756 2104
1759 2106
1762 2108
1765 2110
1768 2112
1771 2114
1774 2116
1777 2118
1780 2120
1783 2122
1786 2124
1789 2126
1792 2128
1795 2130
1798 2132
1801 2134
1804 2136
1807 2138
1810 2140
1813 2142
1816 2144
1819 2146
1822 2148
1825 2150
1828 2152
1831 2154
1834 2156
1837 2158
1840 2160
1843 2162
1846 2164
1849 2166
1852 2168
1855 2170
1858 2172
1861 2174
1864 2176
1867 2178
1870 2180
1873 2182
1876 2184
1879 2186
1882 2188
1885 2190
1888 2192
1891 2194
1894 2196
1897 2198
1900 2200
1903 2202
1906 2204
1909 2206
1912 2208
1915 2210
1918 2212
1921 2214
1924 2216
1927 2218
1930 2220
1933 2222
1936 2224
1939 2226
1942 2228
1945 2230
1948 2232
1951 2234
1954 2236
1957 2238
1960 2240
1963 2242
1966 2244
1969 2246
1972 2248
1975 2250
1978 2252
1981 2254
1984 2256
1987 2258
1990 2260
1993 2262
1996 2264
1999 2266
2002 2268
2005 2270
2008 2272
2011 2274
2014 2276
2017 2278
2020 2280
2023 2282
2026 2284
2029 2286
2032 2288
2035 2290
2038 2292
2041 2294
2044 2296
2047 2298
2050 2300
2053 2302
2056 2304
2059 2306
2062 2308
2065 2310
2068 2312
2071 2314
2074 2316
2077 2318
2080 2320
2083 2322
2086 2324
2089 2326
2092 2328
2095 2330
2098 2332
2101 2334
2104 2336
2107 2338
2110 2340
2113 2342
2116 2344
2119 2346
2122 2348
2125 2350
2128 2352
2131 2354
2134 2356
2137 2358
2140 2360
2143 2362
2146 2364
2149 2366
2152 2368
2155 2370
2158 2372
2161 2374
2164 2376
2167 2378
2170 2380
2173 2382
2176 2384
2179 2386
2182 2388
2185 2390
2188 2392
2191 2394
2194 2396
2197 2398
2200 2400
2203 2402
2206 2404
2209 2406
2212 2408
2215 2410
2218 2412
2221 2414
2224 2416
2227 2418
2230 2420
2233 2422
2236 2424
2239 2426
2242 2428
2245 2430
2248 2432
2251 2434
2254 2436
2257 2438
2260 2440
2263 2442
2266 2444
2269 2446
2272 2448
2275 2450
2278 2452
2281 2454
2284 2456
2287 2458
2290 2460
2293 2462
2296 2464
2299 2466
2302 2468
2305 2470
2308 2472
2311 2474
2314 2476
2317 2478
2320 2480
2323 2482
2326 2484
2329 2486
2332 2488
2335 2490
2338 2492
2341 2494
2344 2496
2347 2498
2350 2500
2353 2502
2356 2504
2359 2506
2362 2508
2365 2510
2368 2512
2371 2514
2374 2516
2377 2518
2380 2520
2383 2522
2386 2524
2389 2526
2392 2528
2395 2530
2398 2532
2401 2534
2404 2536
2407 2538
2410 2540
2413 2542
2416 2544
2419 2546
2422 2548
2425 2550
2428 2552
2431 2554
2434 2556
2437 2558
2440 2560
2443 2562
2446 2564
2449 2566
2452 2568
2455 2570
2458 2572
2461 2574
2464 2576
2467 2578
2470 2580
2473 2582
2476 2584
2479 2586
2482 2588
2485 2590
2488 2592
2491 2594
2494 2596
2497 2598
2500 2600
2503 2602
2506 2604
2509 2606
2512 2608
2515 2610
2518 2612
2521 2614
2524 2616
2527 2618
2530 2620
2533 2622
2536 2624
2539 2626
2542 2628
2545 2630
2548 2632
2551 2634
2554 2636
2557 2638
2560 2640
2563 2642
2566 2644
2569 2646
2572 2648
2575 2650
2578 2652
2581 2654
2584 2656
2587 2658
2590 2660
2593 2662
2596 2664
2599 2666
2602 2668
2605 2670
2608 2672
2611 2674
2614 2676
2617 2678
2620 2680
2623 2682
2626 2684
2629 2686
2632 2688
2635 2690
2638 2692
2641 2694
2644 2696
2647 2698
2650 2700
2653 2702
2656 2704
2659 2706
2662 2708
2665 2710
2668 2712
2671 2714
2674 2716
2677 2718
2680 2720
2683 2722
2686 2724
2689 2726
2692 2728
2695 2730
2698 2732
2701 2734
2704 2736
2707 2738
2710 2740
2713 2742
2716 2744
2719 2746
2722 2748
2725 2750
2728 2752
2731 2754
2734 2756
2737 2758
2740 2760
2743 2762
2746 2764
2749 2766
2752 2768
2755 2770
2758 2772
2761 2774
2764 2776
2767 2778
2770 2780
2773 2782
2776 2784
2779 2786
2782 2788
2785 2790
2788 2792
2791 2794
2794 2796
2797 2798
2800 2800
2803 2802
2806 2804
2809 2806
2812 2808
2815 2810
2818 2812
2821 2814
2824 2816
2827 2818
2830 2820
2833 2822
2836 2824
2839 2826
2842 2828
2845 2830
2848 2832
2851 2834
2854 2836
2857 2838
2860 2840
2863 2842
2866 2844
2869 2846
2872 2848
2875 2850
2878 2852
2881 2854
2884 2856
2887 2858
2890 2860
2893 2862
2896 2864
2899 2866
2902 2868
2905 2870
2908 2872
2911 2874
2914 2876
2917 2878
2920 2880
2923 2882
2926 2884
2929 2886
2932 2888
2935 2890
2938 2892
2941 2894
2944 2896
2947 2898
2950 2900
2953 2902
2956 2904
2959 2906
2962 2908
2965 2910
2968 2912
2971 2914
2974 2916
2977 2918
2980 2920
2983 2922
2986 2924
2989 2926
2992 2928
2995 2930
2998 2932
3001 2934
3004 2936
3007 2938
3010 2940
3013 2942
3016 2944
3019 2946
3022 2948
3025 2950
3028 2952
3031 2954
3034 2956
3037 2958
3040 2960
3043 2962
3046 2964
3049 2966
3052 2968
3055 2970
3058 2972
3061 2974
3064 2976
3067 2978
3070 2980
3073 2982
3076 2984
3079 2986
3082 2988
3085 2990
3088 2992
3091 2994
3094 2996
3097 2998
