278 581
681 163
3811 121
3833 25
581 218
1873 59
1528 196
2908 194
191 123
433 107
1625 70
1636 140
1291 68
4083 109
4276 265
4665 63
1650 119
2873 269
4115 91
2025 82
2503 34
2724 133
2276 75
722 189
580 252
4681 135
4697 231
2902 267
3877 207
366 196
3579 59
3342 264
1361 27
3264 55
2835 246
3636 21
2749 133
2567 269
1685 3
3859 188
4279 213
2457 59
2666 4
570 176
4707 78
1306 109
3498 42
4014 61
3873 192
2206 109
2867 278
3454 70
3499 173
2493 248
3803 68
3173 11
1680 51
812 38
3060 201
4337 235
2645 60
1047 211
2618 32
3954 66
3825 198
3102 79
4360 13
4363 224
435 30
3083 88
3817 108
3016 2
432 3
4620 192
337 121
1002 268
1475 36
1443 129
2321 92
3219 171
3547 93
629 271
941 262
2811 93
3572 126
4913 248
1168 220
3333 92
2345 241
2890 119
660 70
39 192
1300 132
2347 270
236 137
3490 38
2305 178
720 130
4602 211
381 248
1769 207
3383 160
4754 25
2391 143
264 63
1898 13
46 228
2452 274
4491 247
1209 67
3236 19
1489 128
573 60
3580 46
3395 71
2065 60
3433 48
4464 254
3936 132
3468 185
3138 141
3493 16
222 253
470 277
2771 107
3017 182
2209 110
4883 70
4258 238
4765 102
1728 80
1902 189
1939 199
4846 173
3769 265
155 72
3724 11
3600 104
3236 4
4375 179
3421 86
2641 131
1846 235
2885 226
283 256
594 57
2060 15
2794 233
2421 109
4389 8
4058 186
1779 148
4525 188
1369 83
4483 273
2208 59
2463 29
4719 65
510 176
736 250
415 138
1441 250
1441 229
1704 20
3424 71
3933 218
2918 198
1616 103
2531 34
1219 198
1466 219
1119 249
3681 73
1132 106
168 197
3003 174
4411 45
208 15
2517 35
3298 91
4572 53
1650 207
1086 29
3907 75
2090 265
2621 161
2520 15
4689 4
3399 244
273 18
779 103
4308 228
2512 203
2984 83
873 251
1058 267
573 150
4707 278
1702 216
3615 52
3041 248
2979 261
3257 29
3198 128
4077 80
3361 33
1153 63
1610 77
76 64
1008 112
318 90
948 204
3319 165
627 177
2863 126
1108 265
3876 117
1702 197
3112 141
4388 25
1752 81
429 99
3240 258
2686 256
2214 29
830 28
2369 247
4290 84
2593 225
174 244
2620 39
4684 248
2486 49
556 27
746 206
2827 277
3304 263
4051 199
4604 274
2609 161
4086 165
735 223
2191 15
4396 176
2662 86
3743 211
1373 234
1305 43
875 12
4244 143
2540 173
1330 74
3070 41
754 35
632 187
292 44
1545 39
4170 114
1934 183
287 208
1154 98
224 254
3814 170
4525 116
3637 249
2158 149
3618 257
4890 188
3106 40
1030 272
2222 53
3261 19
4245 210
4162 253
3417 252
4077 43
3256 40
1231 202
3443 60
